Starting Array
20 20 20 20 20 20 20 20 20 20 20 20 20 20 20 20 20 20 20 20 20 20 20 20 20 20 20 20 20 20 20 20 20 20 20 20 20 20 20 20 20 20 20 20 20 20 20 20 20 20 20 20 20 20 20 20 20 20 20 20 20 20 20 20 20 20 20 20 20 20 20 20 20 20 20 20 20 20 20 20 20 20 20 20 20 20 20 20 20 20 20 20 20 20 20 20 20 20 20 20 
20 20 20 20 20 20 20 20 20 20 20 20 20 20 20 20 20 20 20 20 20 20 20 20 20 20 20 20 20 20 20 20 20 20 20 20 20 20 20 20 20 20 20 20 20 20 20 20 20 20 20 20 20 20 20 20 20 20 20 20 20 20 20 20 20 20 20 20 20 20 20 20 20 20 20 20 20 20 20 20 20 20 20 20 20 20 20 20 20 20 20 20 20 20 20 20 20 20 20 20 
20 20 20 20 20 20 20 20 20 20 20 20 20 20 20 20 20 20 20 20 20 20 20 20 20 20 20 20 20 20 20 20 20 20 20 20 20 20 20 20 20 20 20 20 20 20 20 20 20 20 20 20 20 20 20 20 20 20 20 20 20 20 20 20 20 20 20 20 20 20 20 20 20 20 20 20 20 20 20 20 20 20 20 20 20 20 20 20 20 20 20 20 20 20 20 20 20 20 20 20 
20 20 20 20 20 20 20 20 20 20 20 20 20 20 20 20 20 20 20 20 20 20 20 20 20 20 20 20 20 20 20 20 20 20 20 20 20 20 20 20 20 20 20 20 20 20 20 20 20 20 20 20 20 20 20 20 20 20 20 20 20 20 20 20 20 20 20 20 20 20 20 20 20 20 20 20 20 20 20 20 20 20 20 20 20 20 20 20 20 20 20 20 20 20 20 20 20 20 20 20 
20 20 20 20 20 20 20 20 20 20 20 20 20 20 20 20 20 20 20 20 20 20 20 20 20 20 20 20 20 20 20 20 20 20 20 20 20 20 20 20 20 20 20 20 20 20 20 20 20 20 20 20 20 20 20 20 20 20 20 20 20 20 20 20 20 20 20 20 20 20 20 20 20 20 20 20 20 20 20 20 20 20 20 20 20 20 20 20 20 20 20 20 20 20 20 20 20 20 20 20 
20 20 20 20 20 20 20 20 20 20 20 20 20 20 20 20 20 20 20 20 20 20 20 20 20 20 20 20 20 20 20 20 20 20 20 20 20 20 20 20 20 20 20 20 20 20 20 20 20 20 20 20 20 20 20 20 20 20 20 20 20 20 20 20 20 20 20 20 20 20 20 20 20 20 20 20 20 20 20 20 20 20 20 20 20 20 20 20 20 20 20 20 20 20 20 20 20 20 20 20 
20 20 20 20 20 20 20 20 20 20 20 20 20 20 20 20 20 20 20 20 20 20 20 20 20 20 20 20 20 20 20 20 20 20 20 20 20 20 20 20 20 20 20 20 20 20 20 20 20 20 20 20 20 20 20 20 20 20 20 20 20 20 20 20 20 20 20 20 20 20 20 20 20 20 20 20 20 20 20 20 20 20 20 20 20 20 20 20 20 20 20 20 20 20 20 20 20 20 20 20 
20 20 20 20 20 20 20 20 20 20 20 20 20 20 20 20 20 20 20 20 20 20 20 20 20 20 20 20 20 20 20 20 20 20 20 20 20 20 20 20 20 20 20 20 20 20 20 20 20 20 20 20 20 20 20 20 20 20 20 20 20 20 20 20 20 20 20 20 20 20 20 20 20 20 20 20 20 20 20 20 20 20 20 20 20 20 20 20 20 20 20 20 20 20 20 20 20 20 20 20 
20 20 20 20 20 20 20 20 20 20 20 20 20 20 20 20 20 20 20 20 20 20 20 20 20 20 20 20 20 20 20 20 20 20 20 20 20 20 20 20 20 20 20 20 20 20 20 20 20 20 20 20 20 20 20 20 20 20 20 20 20 20 20 20 20 20 20 20 20 20 20 20 20 20 20 20 20 20 20 20 20 20 20 20 20 20 20 20 20 20 20 20 20 20 20 20 20 20 20 20 
20 20 20 20 20 20 20 20 20 20 20 20 20 20 20 20 20 20 20 20 20 20 20 20 20 20 20 20 20 20 20 20 20 20 20 20 20 20 20 20 20 20 20 20 20 20 20 20 20 20 20 20 20 20 20 20 20 20 20 20 20 20 20 20 20 20 20 20 20 20 20 20 20 20 20 20 20 20 20 20 20 20 20 20 20 20 20 20 20 20 20 20 20 20 20 20 20 20 20 20 
20 20 20 20 20 20 20 20 20 20 20 20 20 20 20 20 20 20 20 20 20 20 20 20 20 20 20 20 20 20 20 20 20 20 20 20 20 20 20 20 20 20 20 20 20 20 20 20 20 20 20 20 20 20 20 20 20 20 20 20 20 20 20 20 20 20 20 20 20 20 20 20 20 20 20 20 20 20 20 20 20 20 20 20 20 20 20 20 20 20 20 20 20 20 20 20 20 20 20 20 
20 20 20 20 20 20 20 20 20 20 20 20 20 20 20 20 20 20 20 20 20 20 20 20 20 20 20 20 20 20 20 20 20 20 20 20 20 20 20 20 20 20 20 20 20 20 20 20 20 20 20 20 20 20 20 20 20 20 20 20 20 20 20 20 20 20 20 20 20 20 20 20 20 20 20 20 20 20 20 20 20 20 20 20 20 20 20 20 20 20 20 20 20 20 20 20 20 20 20 20 
20 20 20 20 20 20 20 20 20 20 20 20 20 20 20 20 20 20 20 20 20 20 20 20 20 20 20 20 20 20 20 20 20 20 20 20 20 20 20 20 20 20 20 20 20 20 20 20 20 20 20 20 20 20 20 20 20 20 20 20 20 20 20 20 20 20 20 20 20 20 20 20 20 20 20 20 20 20 20 20 20 20 20 20 20 20 20 20 20 20 20 20 20 20 20 20 20 20 20 20 
20 20 20 20 20 20 20 20 20 20 20 20 20 20 20 20 20 20 20 20 20 20 20 20 20 20 20 20 20 20 20 20 20 20 20 20 20 20 20 20 20 20 20 20 20 20 20 20 20 20 20 20 20 20 20 20 20 20 20 20 20 20 20 20 20 20 20 20 20 20 20 20 20 20 20 20 20 20 20 20 20 20 20 20 20 20 20 20 20 20 20 20 20 20 20 20 20 20 20 20 
20 20 20 20 20 20 20 20 20 20 20 20 20 20 20 20 20 20 20 20 20 20 20 20 20 20 20 20 20 20 20 20 20 20 20 20 20 20 20 20 20 20 20 20 20 20 20 20 20 20 20 20 20 20 20 20 20 20 20 20 20 20 20 20 20 20 20 20 20 20 20 20 20 20 20 20 20 20 20 20 20 20 20 20 20 20 20 20 20 20 20 20 20 20 20 20 20 20 20 20 
20 20 20 20 20 20 20 20 20 20 20 20 20 20 20 20 20 20 20 20 20 20 20 20 20 20 20 20 20 20 20 20 20 20 20 20 20 20 20 20 20 20 20 20 20 20 20 20 20 20 20 20 20 20 20 20 20 20 20 20 20 20 20 20 20 20 20 20 20 20 20 20 20 20 20 20 20 20 20 20 20 20 20 20 20 20 20 20 20 20 20 20 20 20 20 20 20 20 20 20 
20 20 20 20 20 20 20 20 20 20 20 20 20 20 20 20 20 20 20 20 20 20 20 20 20 20 20 20 20 20 20 20 20 20 20 20 20 20 20 20 20 20 20 20 20 20 20 20 20 20 20 20 20 20 20 20 20 20 20 20 20 20 20 20 20 20 20 20 20 20 20 20 20 20 20 20 20 20 20 20 20 20 20 20 20 20 20 20 20 20 20 20 20 20 20 20 20 20 20 20 
20 20 20 20 20 20 20 20 20 20 20 20 20 20 20 20 20 20 20 20 20 20 20 20 20 20 20 20 20 20 20 20 20 20 20 20 20 20 20 20 20 20 20 20 20 20 20 20 20 20 20 20 20 20 20 20 20 20 20 20 20 20 20 20 20 20 20 20 20 20 20 20 20 20 20 20 20 20 20 20 20 20 20 20 20 20 20 20 20 20 20 20 20 20 20 20 20 20 20 20 
20 20 20 20 20 20 20 20 20 20 20 20 20 20 20 20 20 20 20 20 20 20 20 20 20 20 20 20 20 20 20 20 20 20 20 20 20 20 20 20 20 20 20 20 20 20 20 20 20 20 20 20 20 20 20 20 20 20 20 20 20 20 20 20 20 20 20 20 20 20 20 20 20 20 20 20 20 20 20 20 20 20 20 20 20 20 20 20 20 20 20 20 20 20 20 20 20 20 20 20 
20 20 20 20 20 20 20 20 20 20 20 20 20 20 20 20 20 20 20 20 20 20 20 20 20 20 20 20 20 20 20 20 20 20 20 20 20 20 20 20 20 20 20 20 20 20 20 20 20 20 20 20 20 20 20 20 20 20 20 20 20 20 20 20 20 20 20 20 20 20 20 20 20 20 20 20 20 20 20 20 20 20 20 20 20 20 20 20 20 20 20 20 20 20 20 20 20 20 20 20 
20 20 20 20 20 20 20 20 20 20 20 20 20 20 20 20 20 20 20 20 20 20 20 20 20 20 20 20 20 20 20 20 20 20 20 20 20 20 20 20 20 20 20 20 20 20 20 20 20 20 20 20 20 20 20 20 20 20 20 20 20 20 20 20 20 20 20 20 20 20 20 20 20 20 20 20 20 20 20 20 20 20 20 20 20 20 20 20 20 20 20 20 20 20 20 20 20 20 20 20 
20 20 20 20 20 20 20 20 20 20 20 20 20 20 20 20 20 20 20 20 20 20 20 20 20 20 20 20 20 20 20 20 20 20 20 20 20 20 20 20 20 20 20 20 20 20 20 20 20 20 20 20 20 20 20 20 20 20 20 20 20 20 20 20 20 20 20 20 20 20 20 20 20 20 20 20 20 20 20 20 20 20 20 20 20 20 20 20 20 20 20 20 20 20 20 20 20 20 20 20 
20 20 20 20 20 20 20 20 20 20 20 20 20 20 20 20 20 20 20 20 20 20 20 20 20 20 20 20 20 20 20 20 20 20 20 20 20 20 20 20 20 20 20 20 20 20 20 20 20 20 20 20 20 20 20 20 20 20 20 20 20 20 20 20 20 20 20 20 20 20 20 20 20 20 20 20 20 20 20 20 20 20 20 20 20 20 20 20 20 20 20 20 20 20 20 20 20 20 20 20 
20 20 20 20 20 20 20 20 20 20 20 20 20 20 20 20 20 20 20 20 20 20 20 20 20 20 20 20 20 20 20 20 20 20 20 20 20 20 20 20 20 20 20 20 20 20 20 20 20 20 20 20 20 20 20 20 20 20 20 20 20 20 20 20 20 20 20 20 20 20 20 20 20 20 20 20 20 20 20 20 20 20 20 20 20 20 20 20 20 20 20 20 20 20 20 20 20 20 20 20 
20 20 20 20 20 20 20 20 20 20 20 20 20 20 20 20 20 20 20 20 20 20 20 20 20 20 20 20 20 20 20 20 20 20 20 20 20 20 20 20 20 20 20 20 20 20 20 20 20 20 20 20 20 20 20 20 20 20 20 20 20 20 20 20 20 20 20 20 20 20 20 20 20 20 20 20 20 20 20 20 20 20 20 20 20 20 20 20 20 20 20 20 20 20 20 20 20 20 20 20 
20 20 20 20 20 20 20 20 20 20 20 20 20 20 20 20 20 20 20 20 20 20 20 20 20 0 20 20 20 20 20 20 20 20 20 20 20 20 20 20 20 20 20 20 20 20 20 20 20 20 20 20 20 20 20 20 20 20 20 20 20 20 20 20 20 20 20 20 20 20 20 20 20 20 20 20 20 20 20 20 20 20 20 20 20 20 20 20 20 20 20 20 20 20 20 20 20 20 20 20 
20 20 20 20 20 20 20 20 20 20 20 20 20 20 20 20 20 20 20 20 20 20 20 20 20 20 20 20 20 20 20 20 20 20 20 20 20 20 20 20 20 20 20 20 20 20 20 20 20 20 20 20 20 20 20 20 20 20 20 20 20 20 20 20 20 20 20 20 20 20 20 20 20 20 20 20 20 20 20 20 20 20 20 20 20 20 20 20 20 20 20 20 20 20 20 20 20 20 20 20 
20 20 20 20 20 20 20 20 20 20 20 20 20 20 20 20 20 20 20 20 20 20 20 20 20 20 20 20 20 20 20 20 20 20 20 20 20 20 20 20 20 20 20 20 20 20 20 20 20 20 20 20 20 20 20 20 20 20 20 20 20 20 20 20 20 20 20 20 20 20 20 20 20 20 20 20 20 20 20 20 20 20 20 20 20 20 20 20 20 20 20 20 20 20 20 20 20 20 20 20 
20 20 20 20 20 20 20 20 20 20 20 20 20 20 20 20 20 20 20 20 20 20 20 20 20 20 20 20 20 20 20 20 20 20 20 20 20 20 20 20 20 20 20 20 20 20 20 20 20 20 20 20 20 20 20 20 20 20 20 20 20 20 20 20 20 20 20 20 20 20 20 20 20 20 20 20 20 20 20 20 20 20 20 20 20 20 20 20 20 20 20 20 20 20 20 20 20 20 20 20 
20 20 20 20 20 20 20 20 20 20 20 20 20 20 20 20 20 20 20 20 20 20 20 20 20 20 20 20 20 20 20 20 20 20 20 20 20 20 20 20 20 20 20 20 20 20 20 20 20 20 20 20 20 20 20 20 20 20 20 20 20 20 20 20 20 20 20 20 20 20 20 20 20 20 20 20 20 20 20 20 20 20 20 20 20 20 20 20 20 20 20 20 20 20 20 20 20 20 20 20 
20 20 20 20 20 20 20 20 20 20 20 20 20 20 20 20 20 20 20 20 20 20 20 20 20 20 20 20 20 20 20 20 20 20 20 20 20 20 20 20 20 20 20 20 20 20 20 20 20 20 20 20 20 20 20 20 20 20 20 20 20 20 20 20 20 20 20 20 20 20 20 20 20 20 20 20 20 20 20 20 20 20 20 20 20 20 20 20 20 20 20 20 20 20 20 20 20 20 20 20 
20 20 20 20 20 20 20 20 20 20 20 20 20 20 20 20 20 20 20 20 20 20 20 20 20 20 20 20 20 20 20 20 20 20 20 20 20 20 20 20 20 20 20 20 20 20 20 20 20 20 20 20 20 20 20 20 20 20 20 20 20 20 20 20 20 20 20 20 20 20 20 20 20 20 20 20 20 20 20 20 20 20 20 20 20 20 20 20 20 20 20 20 20 20 20 20 20 20 20 20 
20 20 20 20 20 20 20 20 20 20 20 20 20 20 20 20 20 20 20 20 20 20 20 20 20 20 20 20 20 20 20 20 20 20 20 20 20 20 20 20 20 20 20 20 20 20 20 20 20 20 20 20 20 20 20 20 20 20 20 20 20 20 20 20 20 20 20 20 20 20 20 20 20 20 20 20 20 20 20 20 20 20 20 20 20 20 20 20 20 20 20 20 20 20 20 20 20 20 20 20 
20 20 20 20 20 20 20 20 20 20 20 20 20 20 20 20 20 20 20 20 20 20 20 20 20 20 20 20 20 20 20 20 20 20 20 20 20 20 20 20 20 20 20 20 20 20 20 20 20 20 20 20 20 20 20 20 20 20 20 20 20 20 20 20 20 20 20 20 20 20 20 20 20 20 20 20 20 20 20 20 20 20 20 20 20 20 20 20 20 20 20 20 20 20 20 20 20 20 20 20 
20 20 20 20 20 20 20 20 20 20 20 20 20 20 20 20 20 20 20 20 20 20 20 20 20 20 20 20 20 20 20 20 20 20 20 20 20 20 20 20 20 20 20 20 20 20 20 20 20 20 20 20 20 20 20 20 20 20 20 20 20 20 20 20 20 20 20 20 20 20 20 20 20 20 20 20 20 20 20 20 20 20 20 20 20 20 20 20 20 20 20 20 20 20 20 20 20 20 20 20 
20 20 20 20 20 20 20 20 20 20 20 20 20 20 20 20 20 20 20 20 20 20 20 20 20 20 20 20 20 20 20 20 20 20 20 20 20 20 20 20 20 20 20 20 20 20 20 20 20 20 20 20 20 20 20 20 20 20 20 20 20 20 20 20 20 20 20 20 20 20 20 20 20 20 20 20 20 20 20 20 20 20 20 20 20 20 20 20 20 20 20 20 20 20 20 20 20 20 20 20 
20 20 20 20 20 20 20 20 20 20 20 20 20 20 20 20 20 20 20 20 20 20 20 20 20 20 20 20 20 20 20 20 20 20 20 20 20 20 20 20 20 20 20 20 20 20 20 20 20 20 20 20 20 20 20 20 20 20 20 20 20 20 20 20 20 20 20 20 20 20 20 20 20 20 20 20 20 20 20 20 20 20 20 20 20 20 20 20 20 20 20 20 20 20 20 20 20 20 20 20 
20 20 20 20 20 20 20 20 20 20 20 20 20 20 20 20 20 20 20 20 20 20 20 20 20 20 20 20 20 20 20 20 20 20 20 20 20 20 20 20 20 20 20 20 20 20 20 20 20 20 20 20 20 20 20 20 20 20 20 20 20 20 20 20 20 20 20 20 20 20 20 20 20 20 20 20 20 20 20 20 20 20 20 20 20 20 20 20 20 20 20 20 20 20 20 20 20 20 20 20 
20 20 20 20 20 20 20 20 20 20 20 20 20 20 20 20 20 20 20 20 20 20 20 20 20 20 20 20 20 20 20 20 20 20 20 20 20 20 20 20 20 20 20 20 20 20 20 20 20 20 20 20 20 20 20 20 20 20 20 20 20 20 20 20 20 20 20 20 20 20 20 20 20 20 20 20 20 20 20 20 20 20 20 20 20 20 20 20 20 20 20 20 20 20 20 20 20 20 20 20 
20 20 20 20 20 20 20 20 20 20 20 20 20 20 20 20 20 20 20 20 20 20 20 20 20 20 20 20 20 20 20 20 20 20 20 20 20 20 20 20 20 20 20 20 20 20 20 20 20 20 20 20 20 20 20 20 20 20 20 20 20 20 20 20 20 20 20 20 20 20 20 20 20 20 20 20 20 20 20 20 20 20 20 20 20 20 20 20 20 20 20 20 20 20 20 20 20 20 20 20 
20 20 20 20 20 20 20 20 20 20 20 20 20 20 20 20 20 20 20 20 20 20 20 20 20 20 20 20 20 20 20 20 20 20 20 20 20 20 20 20 20 20 20 20 20 20 20 20 20 20 20 20 20 20 20 20 20 20 20 20 20 20 20 20 20 20 20 20 20 20 20 20 20 20 20 20 20 20 20 20 20 20 20 20 20 20 20 20 20 20 20 20 20 20 20 20 20 20 20 20 
20 20 20 20 20 20 20 20 20 20 20 20 20 20 20 20 20 20 20 20 20 20 20 20 20 20 20 20 20 20 20 20 20 20 20 20 20 20 20 20 20 20 20 20 20 20 20 20 20 20 20 20 20 20 20 20 20 20 20 20 20 20 20 20 20 20 20 20 20 20 20 20 20 20 20 20 20 20 20 20 20 20 20 20 20 20 20 20 20 20 20 20 20 20 20 20 20 20 20 20 
20 20 20 20 20 20 20 20 20 20 20 20 20 20 20 20 20 20 20 20 20 20 20 20 20 20 20 20 20 20 20 20 20 20 20 20 20 20 20 20 20 20 20 20 20 20 20 20 20 20 20 20 20 20 20 20 20 20 20 20 20 20 20 20 20 20 20 20 20 20 20 20 20 20 20 20 20 20 20 20 20 20 20 20 20 20 20 20 20 20 20 20 20 20 20 20 20 20 20 20 
20 20 20 20 20 20 20 20 20 20 20 20 20 20 20 20 20 20 20 20 20 20 20 20 20 20 20 20 20 20 20 20 20 20 20 20 20 20 20 20 20 20 20 20 20 20 20 20 20 20 20 20 20 20 20 20 20 20 20 20 20 20 20 20 20 20 20 20 20 20 20 20 20 20 20 20 20 20 20 20 20 20 20 20 20 20 20 20 20 20 20 20 20 20 20 20 20 20 20 20 
20 20 20 20 20 20 20 20 20 20 20 20 20 20 20 20 20 20 20 20 20 20 20 20 20 20 20 20 20 20 20 20 20 20 20 20 20 20 20 20 20 20 20 20 20 20 20 20 20 20 20 20 20 20 20 20 20 20 20 20 20 20 20 20 20 20 20 20 20 20 20 20 20 20 20 20 20 20 20 20 20 20 20 20 20 20 20 20 20 20 20 20 20 20 20 20 20 20 20 20 
20 20 20 20 20 20 20 20 20 20 20 20 20 20 20 20 20 20 20 20 20 20 20 20 20 20 20 20 20 20 20 20 20 20 20 20 20 20 20 20 20 20 20 20 20 20 20 20 20 20 20 20 20 20 20 20 20 20 20 20 20 20 20 20 20 20 20 20 20 20 20 20 20 20 20 20 20 20 20 20 20 20 20 20 20 20 20 20 20 20 20 20 20 20 20 20 20 20 20 20 
20 20 20 20 20 20 20 20 20 20 20 20 20 20 20 20 20 20 20 20 20 20 20 20 20 20 20 20 20 20 20 20 20 20 20 20 20 20 20 20 20 20 20 20 20 20 20 20 20 20 20 20 20 20 20 20 20 20 20 20 20 20 20 20 20 20 20 20 20 20 20 20 20 20 20 20 20 20 20 20 20 20 20 20 20 20 20 20 20 20 20 20 20 20 20 20 20 20 20 20 
20 20 20 20 20 20 20 20 20 20 20 20 20 20 20 20 20 20 20 20 20 20 20 20 20 20 20 20 20 20 20 20 20 20 20 20 20 20 20 20 20 20 20 20 20 20 20 20 20 20 20 20 20 20 20 20 20 20 20 20 20 20 20 20 20 20 20 20 20 20 20 20 20 20 20 20 20 20 20 20 20 20 20 20 20 20 20 20 20 20 20 20 20 20 20 20 20 20 20 20 
20 20 20 20 20 20 20 20 20 20 20 20 20 20 20 20 20 20 20 20 20 20 20 20 20 20 20 20 20 20 20 20 20 20 20 20 20 20 20 20 20 20 20 20 20 20 20 20 20 20 20 20 20 20 20 20 20 20 20 20 20 20 20 20 20 20 20 20 20 20 20 20 20 20 20 20 20 20 20 20 20 20 20 20 20 20 20 20 20 20 20 20 20 20 20 20 20 20 20 20 
20 20 20 20 20 20 20 20 20 20 20 20 20 20 20 20 20 20 20 20 20 20 20 20 20 20 20 20 20 20 20 20 20 20 20 20 20 20 20 20 20 20 20 20 20 20 20 20 20 20 20 20 20 20 20 20 20 20 20 20 20 20 20 20 20 20 20 20 20 20 20 20 20 20 20 20 20 20 20 20 20 20 20 20 20 20 20 20 20 20 20 20 20 20 20 20 20 20 20 20 
20 20 20 20 20 20 20 20 20 20 20 20 20 20 20 20 20 20 20 20 20 20 20 20 20 20 20 20 20 20 20 20 20 20 20 20 20 20 20 20 20 20 20 20 20 20 20 20 20 20 40 20 20 20 20 20 20 20 20 20 20 20 20 20 20 20 20 20 20 20 20 20 20 20 20 20 20 20 20 20 20 20 20 20 20 20 20 20 20 20 20 20 20 20 20 20 20 20 20 20 
20 20 20 20 20 20 20 20 20 20 20 20 20 20 20 20 20 20 20 20 20 20 20 20 20 20 20 20 20 20 20 20 20 20 20 20 20 20 20 20 20 20 20 20 20 20 20 20 20 20 20 20 20 20 20 20 20 20 20 20 20 20 20 20 20 20 20 20 20 20 20 20 20 20 20 20 20 20 20 20 20 20 20 20 20 20 20 20 20 20 20 20 20 20 20 20 20 20 20 20 
20 20 20 20 20 20 20 20 20 20 20 20 20 20 20 20 20 20 20 20 20 20 20 20 20 20 20 20 20 20 20 20 20 20 20 20 20 20 20 20 20 20 20 20 20 20 20 20 20 20 20 20 20 20 20 20 20 20 20 20 20 20 20 20 20 20 20 20 20 20 20 20 20 20 20 20 20 20 20 20 20 20 20 20 20 20 20 20 20 20 20 20 20 20 20 20 20 20 20 20 
20 20 20 20 20 20 20 20 20 20 20 20 20 20 20 20 20 20 20 20 20 20 20 20 20 20 20 20 20 20 20 20 20 20 20 20 20 20 20 20 20 20 20 20 20 20 20 20 20 20 20 20 20 20 20 20 20 20 20 20 20 20 20 20 20 20 20 20 20 20 20 20 20 20 20 20 20 20 20 20 20 20 20 20 20 20 20 20 20 20 20 20 20 20 20 20 20 20 20 20 
20 20 20 20 20 20 20 20 20 20 20 20 20 20 20 20 20 20 20 20 20 20 20 20 20 20 20 20 20 20 20 20 20 20 20 20 20 20 20 20 20 20 20 20 20 20 20 20 20 20 20 20 20 20 20 20 20 20 20 20 20 20 20 20 20 20 20 20 20 20 20 20 20 20 20 20 20 20 20 20 20 20 20 20 20 20 20 20 20 20 20 20 20 20 20 20 20 20 20 20 
20 20 20 20 20 20 20 20 20 20 20 20 20 20 20 20 20 20 20 20 20 20 20 20 20 20 20 20 20 20 20 20 20 20 20 20 20 20 20 20 20 20 20 20 20 20 20 20 20 20 20 20 20 20 20 20 20 20 20 20 20 20 20 20 20 20 20 20 20 20 20 20 20 20 20 20 20 20 20 20 20 20 20 20 20 20 20 20 20 20 20 20 20 20 20 20 20 20 20 20 
20 20 20 20 20 20 20 20 20 20 20 20 20 20 20 20 20 20 20 20 20 20 20 20 20 20 20 20 20 20 20 20 20 20 20 20 20 20 20 20 20 20 20 20 20 20 20 20 20 20 20 20 20 20 20 20 20 20 20 20 20 20 20 20 20 20 20 20 20 20 20 20 20 20 20 20 20 20 20 20 20 20 20 20 20 20 20 20 20 20 20 20 20 20 20 20 20 20 20 20 
20 20 20 20 20 20 20 20 20 20 20 20 20 20 20 20 20 20 20 20 20 20 20 20 20 20 20 20 20 20 20 20 20 20 20 20 20 20 20 20 20 20 20 20 20 20 20 20 20 20 20 20 20 20 20 20 20 20 20 20 20 20 20 20 20 20 20 20 20 20 20 20 20 20 20 20 20 20 20 20 20 20 20 20 20 20 20 20 20 20 20 20 20 20 20 20 20 20 20 20 
20 20 20 20 20 20 20 20 20 20 20 20 20 20 20 20 20 20 20 20 20 20 20 20 20 20 20 20 20 20 20 20 20 20 20 20 20 20 20 20 20 20 20 20 20 20 20 20 20 20 20 20 20 20 20 20 20 20 20 20 20 20 20 20 20 20 20 20 20 20 20 20 20 20 20 20 20 20 20 20 20 20 20 20 20 20 20 20 20 20 20 20 20 20 20 20 20 20 20 20 
20 20 20 20 20 20 20 20 20 20 20 20 20 20 20 20 20 20 20 20 20 20 20 20 20 20 20 20 20 20 20 20 20 20 20 20 20 20 20 20 20 20 20 20 20 20 20 20 20 20 20 20 20 20 20 20 20 20 20 20 20 20 20 20 20 20 20 20 20 20 20 20 20 20 20 20 20 20 20 20 20 20 20 20 20 20 20 20 20 20 20 20 20 20 20 20 20 20 20 20 
20 20 20 20 20 20 20 20 20 20 20 20 20 20 20 20 20 20 20 20 20 20 20 20 20 20 20 20 20 20 20 20 20 20 20 20 20 20 20 20 20 20 20 20 20 20 20 20 20 20 20 20 20 20 20 20 20 20 20 20 20 20 20 20 20 20 20 20 20 20 20 20 20 20 20 20 20 20 20 20 20 20 20 20 20 20 20 20 20 20 20 20 20 20 20 20 20 20 20 20 
20 20 20 20 20 20 20 20 20 20 20 20 20 20 20 20 20 20 20 20 20 20 20 20 20 20 20 20 20 20 20 20 20 20 20 20 20 20 20 20 20 20 20 20 20 20 20 20 20 20 20 20 20 20 20 20 20 20 20 20 20 20 20 20 20 20 20 20 20 20 20 20 20 20 20 20 20 20 20 20 20 20 20 20 20 20 20 20 20 20 20 20 20 20 20 20 20 20 20 20 
20 20 20 20 20 20 20 20 20 20 20 20 20 20 20 20 20 20 20 20 20 20 20 20 20 20 20 20 20 20 20 20 20 20 20 20 20 20 20 20 20 20 20 20 20 20 20 20 20 20 20 20 20 20 20 20 20 20 20 20 20 20 20 20 20 20 20 20 20 20 20 20 20 20 20 20 20 20 20 20 20 20 20 20 20 20 20 20 20 20 20 20 20 20 20 20 20 20 20 20 
20 20 20 20 20 20 20 20 20 20 20 20 20 20 20 20 20 20 20 20 20 20 20 20 20 20 20 20 20 20 20 20 20 20 20 20 20 20 20 20 20 20 20 20 20 20 20 20 20 20 20 20 20 20 20 20 20 20 20 20 20 20 20 20 20 20 20 20 20 20 20 20 20 20 20 20 20 20 20 20 20 20 20 20 20 20 20 20 20 20 20 20 20 20 20 20 20 20 20 20 
20 20 20 20 20 20 20 20 20 20 20 20 20 20 20 20 20 20 20 20 20 20 20 20 20 20 20 20 20 20 20 20 20 20 20 20 20 20 20 20 20 20 20 20 20 20 20 20 20 20 20 20 20 20 20 20 20 20 20 20 20 20 20 20 20 20 20 20 20 20 20 20 20 20 20 20 20 20 20 20 20 20 20 20 20 20 20 20 20 20 20 20 20 20 20 20 20 20 20 20 
20 20 20 20 20 20 20 20 20 20 20 20 20 20 20 20 20 20 20 20 20 20 20 20 20 20 20 20 20 20 20 20 20 20 20 20 20 20 20 20 20 20 20 20 20 20 20 20 20 20 20 20 20 20 20 20 20 20 20 20 20 20 20 20 20 20 20 20 20 20 20 20 20 20 20 20 20 20 20 20 20 20 20 20 20 20 20 20 20 20 20 20 20 20 20 20 20 20 20 20 
20 20 20 20 20 20 20 20 20 20 20 20 20 20 20 20 20 20 20 20 20 20 20 20 20 20 20 20 20 20 20 20 20 20 20 20 20 20 20 20 20 20 20 20 20 20 20 20 20 20 20 20 20 20 20 20 20 20 20 20 20 20 20 20 20 20 20 20 20 20 20 20 20 20 20 20 20 20 20 20 20 20 20 20 20 20 20 20 20 20 20 20 20 20 20 20 20 20 20 20 
20 20 20 20 20 20 20 20 20 20 20 20 20 20 20 20 20 20 20 20 20 20 20 20 20 20 20 20 20 20 20 20 20 20 20 20 20 20 20 20 20 20 20 20 20 20 20 20 20 20 20 20 20 20 20 20 20 20 20 20 20 20 20 20 20 20 20 20 20 20 20 20 20 20 20 20 20 20 20 20 20 20 20 20 20 20 20 20 20 20 20 20 20 20 20 20 20 20 20 20 
20 20 20 20 20 20 20 20 20 20 20 20 20 20 20 20 20 20 20 20 20 20 20 20 20 20 20 20 20 20 20 20 20 20 20 20 20 20 20 20 20 20 20 20 20 20 20 20 20 20 20 20 20 20 20 20 20 20 20 20 20 20 20 20 20 20 20 20 20 20 20 20 20 20 20 20 20 20 20 20 20 20 20 20 20 20 20 20 20 20 20 20 20 20 20 20 20 20 20 20 
20 20 20 20 20 20 20 20 20 20 20 20 20 20 20 20 20 20 20 20 20 20 20 20 20 20 20 20 20 20 20 20 20 20 20 20 20 20 20 20 20 20 20 20 20 20 20 20 20 20 20 20 20 20 20 20 20 20 20 20 20 20 20 20 20 20 20 20 20 20 20 20 20 20 20 20 20 20 20 20 20 20 20 20 20 20 20 20 20 20 20 20 20 20 20 20 20 20 20 20 
20 20 20 20 20 20 20 20 20 20 20 20 20 20 20 20 20 20 20 20 20 20 20 20 20 20 20 20 20 20 20 20 20 20 20 20 20 20 20 20 20 20 20 20 20 20 20 20 20 20 20 20 20 20 20 20 20 20 20 20 20 20 20 20 20 20 20 20 20 20 20 20 20 20 20 20 20 20 20 20 20 20 20 20 20 20 20 20 20 20 20 20 20 20 20 20 20 20 20 20 
20 20 20 20 20 20 20 20 20 20 20 20 20 20 20 20 20 20 20 20 20 20 20 20 20 20 20 20 20 20 20 20 20 20 20 20 20 20 20 20 20 20 20 20 20 20 20 20 20 20 20 20 20 20 20 20 20 20 20 20 20 20 20 20 20 20 20 20 20 20 20 20 20 20 20 20 20 20 20 20 20 20 20 20 20 20 20 20 20 20 20 20 20 20 20 20 20 20 20 20 
20 20 20 20 20 20 20 20 20 20 20 20 20 20 20 20 20 20 20 20 20 20 20 20 20 20 20 20 20 20 20 20 20 20 20 20 20 20 20 20 20 20 20 20 20 20 20 20 20 20 20 20 20 20 20 20 20 20 20 20 20 20 20 20 20 20 20 20 20 20 20 20 20 20 20 20 20 20 20 20 20 20 20 20 20 20 20 20 20 20 20 20 20 20 20 20 20 20 20 20 
20 20 20 20 20 20 20 20 20 20 20 20 20 20 20 20 20 20 20 20 20 20 20 20 20 20 20 20 20 20 20 20 20 20 20 20 20 20 20 20 20 20 20 20 20 20 20 20 20 20 20 20 20 20 20 20 20 20 20 20 20 20 20 20 20 20 20 20 20 20 20 20 20 20 20 20 20 20 20 20 20 20 20 20 20 20 20 20 20 20 20 20 20 20 20 20 20 20 20 20 
20 20 20 20 20 20 20 20 20 20 20 20 20 20 20 20 20 20 20 20 20 20 20 20 20 20 20 20 20 20 20 20 20 20 20 20 20 20 20 20 20 20 20 20 20 20 20 20 20 20 20 20 20 20 20 20 20 20 20 20 20 20 20 20 20 20 20 20 20 20 20 20 20 20 20 20 20 20 20 20 20 20 20 20 20 20 20 20 20 20 20 20 20 20 20 20 20 20 20 20 
20 20 20 20 20 20 20 20 20 20 20 20 20 20 20 20 20 20 20 20 20 20 20 20 20 20 20 20 20 20 20 20 20 20 20 20 20 20 20 20 20 20 20 20 20 20 20 20 20 20 20 20 20 20 20 20 20 20 20 20 20 20 20 20 20 20 20 20 20 20 20 20 20 20 20 20 20 20 20 20 20 20 20 20 20 20 20 20 20 20 20 20 20 20 20 20 20 20 20 20 
20 20 20 20 20 20 20 20 20 20 20 20 20 20 20 20 20 20 20 20 20 20 20 20 20 20 20 20 20 20 20 20 20 20 20 20 20 20 20 20 20 20 20 20 20 20 20 20 20 20 20 20 20 20 20 20 20 20 20 20 20 20 20 20 20 20 20 20 20 20 20 20 20 20 20 20 20 20 20 20 20 20 20 20 20 20 20 20 20 20 20 20 20 20 20 20 20 20 20 20 
20 20 20 20 20 20 20 20 20 20 20 20 20 20 20 20 20 20 20 20 20 20 20 20 20 20 20 20 20 20 20 20 20 20 20 20 20 20 20 20 20 20 20 20 20 20 20 20 20 20 20 20 20 20 20 20 20 20 20 20 20 20 20 20 20 20 20 20 20 20 20 20 20 20 20 20 20 20 20 20 20 20 20 20 20 20 20 20 20 20 20 20 20 20 20 20 20 20 20 20 
20 20 20 20 20 20 20 20 20 20 20 20 20 20 20 20 20 20 20 20 20 20 20 20 20 20 20 20 20 20 20 20 20 20 20 20 20 20 20 20 20 20 20 20 20 20 20 20 20 20 20 20 20 20 20 20 20 20 20 20 20 20 20 20 20 20 20 20 20 20 20 20 20 20 20 20 20 20 20 20 20 20 20 20 20 20 20 20 20 20 20 20 20 20 20 20 20 20 20 20 
20 20 20 20 20 20 20 20 20 20 20 20 20 20 20 20 20 20 20 20 20 20 20 20 20 20 20 20 20 20 20 20 20 20 20 20 20 20 20 20 20 20 20 20 20 20 20 20 20 20 20 20 20 20 20 20 20 20 20 20 20 20 20 20 20 20 20 20 20 20 20 20 20 20 20 20 20 20 20 20 20 20 20 20 20 20 20 20 20 20 20 20 20 20 20 20 20 20 20 20 
20 20 20 20 20 20 20 20 20 20 20 20 20 20 20 20 20 20 20 20 20 20 20 20 20 20 20 20 20 20 20 20 20 20 20 20 20 20 20 20 20 20 20 20 20 20 20 20 20 20 20 20 20 20 20 20 20 20 20 20 20 20 20 20 20 20 20 20 20 20 20 20 20 20 20 20 20 20 20 20 20 20 20 20 20 20 20 20 20 20 20 20 20 20 20 20 20 20 20 20 
20 20 20 20 20 20 20 20 20 20 20 20 20 20 20 20 20 20 20 20 20 20 20 20 20 20 20 20 20 20 20 20 20 20 20 20 20 20 20 20 20 20 20 20 20 20 20 20 20 20 20 20 20 20 20 20 20 20 20 20 20 20 20 20 20 20 20 20 20 20 20 20 20 20 20 20 20 20 20 20 20 20 20 20 20 20 20 20 20 20 20 20 20 20 20 20 20 20 20 20 
20 20 20 20 20 20 20 20 20 20 20 20 20 20 20 20 20 20 20 20 20 20 20 20 20 20 20 20 20 20 20 20 20 20 20 20 20 20 20 20 20 20 20 20 20 20 20 20 20 20 20 20 20 20 20 20 20 20 20 20 20 20 20 20 20 20 20 20 20 20 20 20 20 20 20 20 20 20 20 20 20 20 20 20 20 20 20 20 20 20 20 20 20 20 20 20 20 20 20 20 
20 20 20 20 20 20 20 20 20 20 20 20 20 20 20 20 20 20 20 20 20 20 20 20 20 20 20 20 20 20 20 20 20 20 20 20 20 20 20 20 20 20 20 20 20 20 20 20 20 20 20 20 20 20 20 20 20 20 20 20 20 20 20 20 20 20 20 20 20 20 20 20 20 20 20 20 20 20 20 20 20 20 20 20 20 20 20 20 20 20 20 20 20 20 20 20 20 20 20 20 
20 20 20 20 20 20 20 20 20 20 20 20 20 20 20 20 20 20 20 20 20 20 20 20 20 20 20 20 20 20 20 20 20 20 20 20 20 20 20 20 20 20 20 20 20 20 20 20 20 20 20 20 20 20 20 20 20 20 20 20 20 20 20 20 20 20 20 20 20 20 20 20 20 20 20 20 20 20 20 20 20 20 20 20 20 20 20 20 20 20 20 20 20 20 20 20 20 20 20 20 
20 20 20 20 20 20 20 20 20 20 20 20 20 20 20 20 20 20 20 20 20 20 20 20 20 20 20 20 20 20 20 20 20 20 20 20 20 20 20 20 20 20 20 20 20 20 20 20 20 20 20 20 20 20 20 20 20 20 20 20 20 20 20 20 20 20 20 20 20 20 20 20 20 20 20 20 20 20 20 20 20 20 20 20 20 20 20 20 20 20 20 20 20 20 20 20 20 20 20 20 
20 20 20 20 20 20 20 20 20 20 20 20 20 20 20 20 20 20 20 20 20 20 20 20 20 20 20 20 20 20 20 20 20 20 20 20 20 20 20 20 20 20 20 20 20 20 20 20 20 20 20 20 20 20 20 20 20 20 20 20 20 20 20 20 20 20 20 20 20 20 20 20 20 20 20 20 20 20 20 20 20 20 20 20 20 20 20 20 20 20 20 20 20 20 20 20 20 20 20 20 
20 20 20 20 20 20 20 20 20 20 20 20 20 20 20 20 20 20 20 20 20 20 20 20 20 20 20 20 20 20 20 20 20 20 20 20 20 20 20 20 20 20 20 20 20 20 20 20 20 20 20 20 20 20 20 20 20 20 20 20 20 20 20 20 20 20 20 20 20 20 20 20 20 20 20 20 20 20 20 20 20 20 20 20 20 20 20 20 20 20 20 20 20 20 20 20 20 20 20 20 
20 20 20 20 20 20 20 20 20 20 20 20 20 20 20 20 20 20 20 20 20 20 20 20 20 20 20 20 20 20 20 20 20 20 20 20 20 20 20 20 20 20 20 20 20 20 20 20 20 20 20 20 20 20 20 20 20 20 20 20 20 20 20 20 20 20 20 20 20 20 20 20 20 20 20 20 20 20 20 20 20 20 20 20 20 20 20 20 20 20 20 20 20 20 20 20 20 20 20 20 
20 20 20 20 20 20 20 20 20 20 20 20 20 20 20 20 20 20 20 20 20 20 20 20 20 20 20 20 20 20 20 20 20 20 20 20 20 20 20 20 20 20 20 20 20 20 20 20 20 20 20 20 20 20 20 20 20 20 20 20 20 20 20 20 20 20 20 20 20 20 20 20 20 20 20 20 20 20 20 20 20 20 20 20 20 20 20 20 20 20 20 20 20 20 20 20 20 20 20 20 
20 20 20 20 20 20 20 20 20 20 20 20 20 20 20 20 20 20 20 20 20 20 20 20 20 20 20 20 20 20 20 20 20 20 20 20 20 20 20 20 20 20 20 20 20 20 20 20 20 20 20 20 20 20 20 20 20 20 20 20 20 20 20 20 20 20 20 20 20 20 20 20 20 20 20 20 20 20 20 20 20 20 20 20 20 20 20 20 20 20 20 20 20 20 20 20 20 20 20 20 
20 20 20 20 20 20 20 20 20 20 20 20 20 20 20 20 20 20 20 20 20 20 20 20 20 20 20 20 20 20 20 20 20 20 20 20 20 20 20 20 20 20 20 20 20 20 20 20 20 20 20 20 20 20 20 20 20 20 20 20 20 20 20 20 20 20 20 20 20 20 20 20 20 20 20 20 20 20 20 20 20 20 20 20 20 20 20 20 20 20 20 20 20 20 20 20 20 20 20 20 
20 20 20 20 20 20 20 20 20 20 20 20 20 20 20 20 20 20 20 20 20 20 20 20 20 20 20 20 20 20 20 20 20 20 20 20 20 20 20 20 20 20 20 20 20 20 20 20 20 20 20 20 20 20 20 20 20 20 20 20 20 20 20 20 20 20 20 20 20 20 20 20 20 20 20 20 20 20 20 20 20 20 20 20 20 20 20 20 20 20 20 20 20 20 20 20 20 20 20 20 
20 20 20 20 20 20 20 20 20 20 20 20 20 20 20 20 20 20 20 20 20 20 20 20 20 20 20 20 20 20 20 20 20 20 20 20 20 20 20 20 20 20 20 20 20 20 20 20 20 20 20 20 20 20 20 20 20 20 20 20 20 20 20 20 20 20 20 20 20 20 20 20 20 20 20 20 20 20 20 20 20 20 20 20 20 20 20 20 20 20 20 20 20 20 20 20 20 20 20 20 
20 20 20 20 20 20 20 20 20 20 20 20 20 20 20 20 20 20 20 20 20 20 20 20 20 20 20 20 20 20 20 20 20 20 20 20 20 20 20 20 20 20 20 20 20 20 20 20 20 20 20 20 20 20 20 20 20 20 20 20 20 20 20 20 20 20 20 20 20 20 20 20 20 20 20 20 20 20 20 20 20 20 20 20 20 20 20 20 20 20 20 20 20 20 20 20 20 20 20 20 
20 20 20 20 20 20 20 20 20 20 20 20 20 20 20 20 20 20 20 20 20 20 20 20 20 20 20 20 20 20 20 20 20 20 20 20 20 20 20 20 20 20 20 20 20 20 20 20 20 20 20 20 20 20 20 20 20 20 20 20 20 20 20 20 20 20 20 20 20 20 20 20 20 20 20 20 20 20 20 20 20 20 20 20 20 20 20 20 20 20 20 20 20 20 20 20 20 20 20 20 
20 20 20 20 20 20 20 20 20 20 20 20 20 20 20 20 20 20 20 20 20 20 20 20 20 20 20 20 20 20 20 20 20 20 20 20 20 20 20 20 20 20 20 20 20 20 20 20 20 20 20 20 20 20 20 20 20 20 20 20 20 20 20 20 20 20 20 20 20 20 20 20 20 20 20 20 20 20 20 20 20 20 20 20 20 20 20 20 20 20 20 20 20 20 20 20 20 20 20 20 
20 20 20 20 20 20 20 20 20 20 20 20 20 20 20 20 20 20 20 20 20 20 20 20 20 20 20 20 20 20 20 20 20 20 20 20 20 20 20 20 20 20 20 20 20 20 20 20 20 20 20 20 20 20 20 20 20 20 20 20 20 20 20 20 20 20 20 20 20 20 20 20 20 20 20 20 20 20 20 20 20 20 20 20 20 20 20 20 20 20 20 20 20 20 20 20 20 0 20 20 
20 20 20 20 20 20 20 20 20 20 20 20 20 20 20 20 20 20 20 20 20 20 20 20 20 20 20 20 20 20 20 20 20 20 20 20 20 20 20 20 20 20 20 20 20 20 20 20 20 20 20 20 20 20 20 20 20 20 20 20 20 20 20 20 20 20 20 20 20 20 20 20 20 20 20 20 20 20 20 20 20 20 20 20 20 20 20 20 20 20 20 20 20 20 20 20 20 20 20 20 
20 20 20 20 20 20 20 20 20 20 20 20 20 20 20 20 20 20 20 20 20 20 20 20 20 20 20 20 20 20 20 20 20 20 20 20 20 20 20 20 20 20 20 20 20 20 20 20 20 20 20 20 20 20 20 20 20 20 20 20 20 20 20 20 20 20 20 20 20 20 20 20 20 20 20 20 20 20 20 20 20 20 20 20 20 20 20 20 20 20 20 20 20 20 20 20 20 20 20 20 
 
Max Delta10
 
Max Delta4.15
 
Max Delta1.955
 
Max Delta1.03972
 
Max Delta0.615828
 
Max Delta0.39894
 
Max Delta0.277458
 
Max Delta0.203841
 
Max Delta0.156182
 
Max Delta0.12361
 
Max Delta0.100354
 
Max Delta0.0831519
 
Max Delta0.0700555
 
Max Delta0.0598459
 
Max Delta0.0517275
 
Max Delta0.0451627
 
Max Delta0.0397772
 
Max Delta0.0353034
 
Max Delta0.0315458
 
Max Delta0.0283591
 
Max Delta0.0256328
 
Max Delta0.0232822
 
Max Delta0.0212412
 
Max Delta0.0194576
 
Max Delta0.0178898
 
Max Delta0.0165044
 
Max Delta0.015274
 
Max Delta0.0146243
 
Max Delta0.0143939
 
Max Delta0.0141327
 
Max Delta0.0138492
 
Max Delta0.0135503
 
Max Delta0.0132415
 
Max Delta0.0129269
 
Max Delta0.01261
 
Max Delta0.0122933
 
Max Delta0.011979
 
Max Delta0.0116685
 
Max Delta0.0113632
 
Max Delta0.0110639
 
Max Delta0.0107713
 
Max Delta0.0104858
 
Max Delta0.0102079
 
Max Delta0.00993759
 
Max Delta0.00967511
 
Max Delta0.00942046
 
Max Delta0.00917359
 
Max Delta0.00893442
 
Max Delta0.00870283
 
Max Delta0.00847867
 
Max Delta0.00826177
 
Max Delta0.00805194
 
Max Delta0.00784899
 
Max Delta0.0076527
 
Max Delta0.00746287
 
Max Delta0.0072793
 
Max Delta0.00710177
 
Max Delta0.00693006
 
Max Delta0.00676399
 
Max Delta0.00660334
 
Max Delta0.00644792
 
Max Delta0.00629753
 
Max Delta0.006152
 
Max Delta0.00601113
 
Max Delta0.00587476
 
Max Delta0.00574271
 
Max Delta0.00561483
 
Max Delta0.00549095
 
Max Delta0.00537093
 
Max Delta0.00525462
 
Max Delta0.00514188
 
Max Delta0.00503258
 
Max Delta0.00492659
 
Max Delta0.00482378
 
Max Delta0.00472404
 
Max Delta0.00462725
 
Max Delta0.0045333
 
Max Delta0.00444209
 
Max Delta0.00435353
 
Max Delta0.0042675
 
Max Delta0.00418393
 
Max Delta0.00410273
 
Max Delta0.0040238
 
Max Delta0.00394707
 
Max Delta0.00387246
 
Max Delta0.00379989
 
Max Delta0.0037293
 
Max Delta0.00366062
 
Max Delta0.00359377
 
Max Delta0.0035287
 
Max Delta0.00346535
 
Max Delta0.00340366
 
Max Delta0.00334357
 
Max Delta0.00328503
 
Max Delta0.00322799
 
Max Delta0.00317239
 
Max Delta0.0031182
 
Max Delta0.00306536
 
Max Delta0.00301383
 
Max Delta0.00296357
 
Max Delta0.00291454
 
Max Delta0.0028667
 
Max Delta0.00282002
 
Max Delta0.00277445
 
Max Delta0.00272996
 
Max Delta0.00268652
 
Max Delta0.0026441
 
Max Delta0.00260266
 
Max Delta0.00256218
 
Max Delta0.00252263
 
Max Delta0.00248397
 
Max Delta0.00244619
 
Max Delta0.00240926
 
Max Delta0.00237314
 
Max Delta0.00233783
 
Max Delta0.00230329
 
Max Delta0.0022695
 
Max Delta0.00223645
 
Max Delta0.00220411
 
Max Delta0.00217245
 
Max Delta0.00214147
 
Max Delta0.00211114
 
Max Delta0.00208145
 
Max Delta0.00205238
 
Max Delta0.0020239
 
Max Delta0.00199601
 
Max Delta0.00196869
 
Max Delta0.00194192
 
Max Delta0.00191569
 
Max Delta0.00188999
 
Max Delta0.0018648
 
Max Delta0.0018401
 
Max Delta0.00181589
 
Max Delta0.00179215
 
Max Delta0.00176887
 
Max Delta0.00174604
 
Max Delta0.00172365
 
Max Delta0.00170168
 
Max Delta0.00168013
 
Max Delta0.00165898
 
Max Delta0.00163822
 
Max Delta0.00161786
 
Max Delta0.00159787
 
Max Delta0.00157824
 
Max Delta0.00155897
 
Max Delta0.00154006
 
Max Delta0.00152148
 
Max Delta0.00150324
 
Max Delta0.00148532
 
Max Delta0.00146771
 
Max Delta0.00145042
 
Max Delta0.00143343
 
Max Delta0.00141674
 
Max Delta0.00140034
 
Max Delta0.00138422
 
Max Delta0.00136837
 
Max Delta0.00135279
 
Max Delta0.00133748
 
Max Delta0.00132243
 
Max Delta0.00130762
 
Max Delta0.00129307
 
Max Delta0.00127875
 
Max Delta0.00126467
 
Max Delta0.00125083
 
Max Delta0.0012372
 
Max Delta0.0012238
 
Max Delta0.00121062
 
Max Delta0.00119764
 
Max Delta0.00118487
 
Max Delta0.00117231
 
Max Delta0.00115994
 
Max Delta0.00114777
 
Max Delta0.00113579
 
Max Delta0.00112399
 
Max Delta0.00111238
 
Max Delta0.00110095
 
Max Delta0.00108969
 
Max Delta0.0010786
 
Max Delta0.00106768
 
Max Delta0.00105693
 
Max Delta0.00104633
 
Max Delta0.0010359
 
Max Delta0.00102562
 
Max Delta0.00101549
 
Max Delta0.00100551
 
Max Delta0.000995679
_____________End Simulation____________
 
 
20 20 20 20 20 20 20 20 20 20 19.9999 19.9999 19.9999 19.9999 19.9999 19.9998 19.9998 19.9998 19.9997 19.9997 19.9997 19.9997 19.9996 19.9996 19.9996 19.9996 19.9996 19.9996 19.9996 19.9997 19.9997 19.9997 19.9997 19.9998 19.9998 19.9998 19.9999 19.9999 19.9999 19.9999 19.9999 20 20 20 20 20 20 20 20 20 20 20 20 20 20 20 20 20 20 20 20 20 20 20 20 20 20 20 20 20 20 20 20 20 20 20 20 20 20 20 20 20 20 20 20 20 20 20 20 20 20 20 20 20 20 20 20 20 20 20 
20 20 20 20 20 20 20 20 20 20 19.9999 19.9999 19.9999 19.9999 19.9998 19.9998 19.9998 19.9997 19.9997 19.9997 19.9996 19.9996 19.9996 19.9996 19.9996 19.9996 19.9996 19.9996 19.9996 19.9996 19.9996 19.9997 19.9997 19.9997 19.9998 19.9998 19.9998 19.9999 19.9999 19.9999 19.9999 20 20 20 20 20 20 20 20 20 20 20 20 20 20 20 20 20 20 20 20 20 20 20 20 20 20 20 20 20 20 20 20 20 20 20 20 20 20 20 20 20 20 20 20 20 20 20 20 20 20 20 20 20 20 20 20 20 20 20 
20 20 20 20 20 20 20 20 20 19.9999 19.9999 19.9999 19.9999 19.9998 19.9998 19.9998 19.9997 19.9997 19.9996 19.9996 19.9995 19.9995 19.9995 19.9994 19.9994 19.9994 19.9994 19.9994 19.9995 19.9995 19.9995 19.9996 19.9996 19.9997 19.9997 19.9998 19.9998 19.9998 19.9999 19.9999 19.9999 19.9999 20 20 20 20 20 20 20 20 20 20 20 20 20 20 20 20 20 20 20 20 20 20 20 20 20 20 20 20 20 20 20 20 20 20 20 20 20 20 20 20 20 20 20 20 20 20 20 20 20 20 20 20 20 20 20 20 20 20 
20 20 20 20 20 20 20 20 19.9999 19.9999 19.9999 19.9999 19.9998 19.9998 19.9997 19.9997 19.9996 19.9996 19.9995 19.9994 19.9994 19.9993 19.9993 19.9992 19.9992 19.9992 19.9992 19.9992 19.9993 19.9993 19.9994 19.9994 19.9995 19.9996 19.9996 19.9997 19.9997 19.9998 19.9998 19.9999 19.9999 19.9999 19.9999 20 20 20 20 20 20 20 20 20 20 20 20 20 20 20 20 20 20 20 20 20 20 20 20 20 20 20 20 20 20 20 20 20 20 20 20 20 20 20 20 20 20 20 20 20 20 20 20 20 20 20 20 20 20 20 20 20 
20 20 20 20 20 20 20 19.9999 19.9999 19.9999 19.9998 19.9998 19.9998 19.9997 19.9996 19.9995 19.9995 19.9994 19.9993 19.9992 19.9991 19.999 19.999 19.9989 19.9989 19.9989 19.9989 19.9989 19.999 19.999 19.9991 19.9992 19.9993 19.9994 19.9995 19.9995 19.9996 19.9997 19.9998 19.9998 19.9998 19.9999 19.9999 19.9999 20 20 20 20 20 20 20 20 20 20 20 20 20 20 20 20 20 20 20 20 20 20 20 20 20 20 20 20 20 20 20 20 20 20 20 20 20 20 20 20 20 20 20 20 20 20 20 20 20 20 20 20 20 20 20 20 
20 20 20 20 20 20 19.9999 19.9999 19.9999 19.9998 19.9998 19.9997 19.9996 19.9996 19.9995 19.9993 19.9992 19.9991 19.999 19.9988 19.9987 19.9986 19.9985 19.9985 19.9984 19.9984 19.9984 19.9985 19.9985 19.9986 19.9987 19.9988 19.999 19.9991 19.9992 19.9993 19.9995 19.9996 19.9996 19.9997 19.9998 19.9998 19.9999 19.9999 19.9999 20 20 20 20 20 20 20 20 20 20 20 20 20 20 20 20 20 20 20 20 20 20 20 20 20 20 20 20 20 20 20 20 20 20 20 20 20 20 20 20 20 20 20 20 20 20 20 20 20 20 20 20 20 20 20 
20 20 20 20 20 19.9999 19.9999 19.9999 19.9998 19.9998 19.9997 19.9996 19.9995 19.9994 19.9992 19.9991 19.9989 19.9987 19.9985 19.9984 19.9982 19.998 19.9979 19.9978 19.9978 19.9977 19.9978 19.9978 19.9979 19.998 19.9982 19.9984 19.9985 19.9987 19.9989 19.9991 19.9992 19.9994 19.9995 19.9996 19.9997 19.9998 19.9998 19.9999 19.9999 19.9999 20 20 20 20 20 20 20 20 20 20 20 20 20 20 20 20 20 20 20 20 20 20 20 20 20 20 20 20 20 20 20 20 20 20 20 20 20 20 20 20 20 20 20 20 20 20 20 20 20 20 20 20 20 20 
20 20 20 20 19.9999 19.9999 19.9999 19.9998 19.9998 19.9997 19.9996 19.9995 19.9993 19.9991 19.9989 19.9987 19.9985 19.9982 19.998 19.9977 19.9975 19.9973 19.9971 19.997 19.9969 19.9969 19.9969 19.997 19.9971 19.9973 19.9975 19.9977 19.998 19.9982 19.9985 19.9987 19.9989 19.9991 19.9993 19.9995 19.9996 19.9997 19.9998 19.9998 19.9999 19.9999 19.9999 20 20 20 20 20 20 20 20 20 20 20 20 20 20 20 20 20 20 20 20 20 20 20 20 20 20 20 20 20 20 20 20 20 20 20 20 20 20 20 20 20 20 20 20 20 20 20 20 20 20 20 20 20 
20 20 20 19.9999 19.9999 19.9999 19.9998 19.9998 19.9997 19.9996 19.9994 19.9993 19.9991 19.9988 19.9986 19.9983 19.9979 19.9976 19.9972 19.9969 19.9966 19.9963 19.996 19.9959 19.9958 19.9957 19.9958 19.9959 19.996 19.9963 19.9966 19.9969 19.9972 19.9976 19.9979 19.9983 19.9986 19.9988 19.9991 19.9993 19.9994 19.9996 19.9997 19.9998 19.9998 19.9999 19.9999 19.9999 20 20 20 20 20 20 20 20 20 20 20 20 20 20 20 20 20 20 20 20 20 20 20 20 20 20 20 20 20 20 20 20 20 20 20 20 20 20 20 20 20 20 20 20 20 20 20 20 20 20 20 20 
20 20 19.9999 19.9999 19.9999 19.9998 19.9998 19.9997 19.9996 19.9994 19.9992 19.999 19.9987 19.9984 19.9981 19.9977 19.9972 19.9968 19.9963 19.9958 19.9954 19.995 19.9947 19.9944 19.9943 19.9942 19.9943 19.9944 19.9947 19.995 19.9954 19.9958 19.9963 19.9968 19.9972 19.9977 19.9981 19.9984 19.9987 19.999 19.9992 19.9994 19.9996 19.9997 19.9998 19.9998 19.9999 19.9999 19.9999 20 20 20 20 20 20 20 20 20 20 20 20 20 20 20 20 20 20 20 20 20 20 20 20 20 20 20 20 20 20 20 20 20 20 20 20 20 20 20 20 20 20 20 20 20 20 20 20 20 20 20 
19.9999 19.9999 19.9999 19.9999 19.9998 19.9998 19.9997 19.9996 19.9994 19.9992 19.999 19.9987 19.9983 19.9979 19.9974 19.9969 19.9963 19.9957 19.9951 19.9945 19.9939 19.9934 19.993 19.9927 19.9925 19.9924 19.9925 19.9927 19.993 19.9934 19.9939 19.9945 19.9951 19.9957 19.9963 19.9969 19.9974 19.9979 19.9983 19.9987 19.999 19.9992 19.9994 19.9996 19.9997 19.9998 19.9999 19.9999 19.9999 20 20 20 20 20 20 20 20 20 20 20 20 20 20 20 20 20 20 20 20 20 20 20 20 20 20 20 20 20 20 20 20 20 20 20 20 20 20 20 20 20 20 20 20 20 20 20 20 20 20 20 
19.9999 19.9999 19.9999 19.9999 19.9998 19.9997 19.9996 19.9995 19.9993 19.999 19.9987 19.9983 19.9978 19.9973 19.9967 19.996 19.9952 19.9945 19.9937 19.9929 19.9921 19.9915 19.9909 19.9905 19.9902 19.9902 19.9902 19.9905 19.9909 19.9915 19.9921 19.9929 19.9937 19.9945 19.9952 19.996 19.9967 19.9973 19.9978 19.9983 19.9987 19.999 19.9993 19.9995 19.9996 19.9997 19.9998 19.9999 19.9999 19.9999 20 20 20 20 20 20 20 20 20 20 20 20 20 20 20 20 20 20 20 20 20 20 20 20 20 20 20 20 20 20 20 20 20 20 20 20 20 20 20 20 20 20 20 20 20 20 20 20 20 20 
19.9999 19.9999 19.9999 19.9998 19.9998 19.9996 19.9995 19.9993 19.9991 19.9987 19.9983 19.9978 19.9972 19.9965 19.9958 19.9949 19.9939 19.9929 19.9919 19.9909 19.99 19.9891 19.9884 19.9879 19.9876 19.9875 19.9876 19.9879 19.9884 19.9891 19.99 19.9909 19.9919 19.9929 19.9939 19.9949 19.9958 19.9965 19.9972 19.9978 19.9983 19.9987 19.9991 19.9993 19.9995 19.9997 19.9998 19.9998 19.9999 19.9999 20 20 20 20 20 20 20 20 20 20 20 20 20 20 20 20 20 20 20 20 20 20 20 20 20 20 20 20 20 20 20 20 20 20 20 20 20 20 20 20 20 20 20 20 20 20 20 20 20 20 
19.9999 19.9999 19.9998 19.9998 19.9997 19.9996 19.9994 19.9991 19.9988 19.9984 19.9979 19.9973 19.9965 19.9957 19.9947 19.9936 19.9924 19.9912 19.9899 19.9886 19.9875 19.9864 19.9855 19.9849 19.9844 19.9843 19.9844 19.9849 19.9855 19.9864 19.9875 19.9886 19.9899 19.9912 19.9924 19.9936 19.9947 19.9957 19.9965 19.9973 19.9979 19.9984 19.9988 19.9991 19.9994 19.9996 19.9997 19.9998 19.9999 19.9999 19.9999 20 20 20 20 20 20 20 20 20 20 20 20 20 20 20 20 20 20 20 20 20 20 20 20 20 20 20 20 20 20 20 20 20 20 20 20 20 20 20 20 20 20 20 20 20 20 20 20 20 
19.9999 19.9998 19.9998 19.9997 19.9996 19.9995 19.9992 19.9989 19.9986 19.9981 19.9974 19.9967 19.9958 19.9947 19.9935 19.9921 19.9907 19.9891 19.9876 19.986 19.9846 19.9833 19.9822 19.9814 19.9809 19.9807 19.9809 19.9814 19.9822 19.9833 19.9846 19.986 19.9876 19.9891 19.9907 19.9921 19.9935 19.9947 19.9958 19.9967 19.9974 19.9981 19.9986 19.9989 19.9992 19.9995 19.9996 19.9997 19.9998 19.9999 19.9999 20 20 20 20 20 20 20 20 20 20 20 20 20 20 20 20 20 20 20 20 20 20 20 20 20 20 20 20 20 20 20 20 20 20 20 20 20 20 20 20 20 20 20 20 20 20 20 20 20 
19.9998 19.9998 19.9998 19.9997 19.9995 19.9993 19.9991 19.9987 19.9983 19.9977 19.9969 19.996 19.9949 19.9936 19.9921 19.9905 19.9887 19.9869 19.985 19.9831 19.9814 19.9798 19.9785 19.9775 19.9769 19.9767 19.9769 19.9775 19.9785 19.9798 19.9814 19.9831 19.985 19.9869 19.9887 19.9905 19.9921 19.9936 19.9949 19.996 19.9969 19.9977 19.9983 19.9987 19.9991 19.9994 19.9996 19.9997 19.9998 19.9999 19.9999 19.9999 20 20 20 20 20 20 20 20 20 20 20 20 20 20 20 20 20 20 20 20 20 20 20 20 20 20 20 20 20 20 20 20 20 20 20 20 20 20 20 20 20 20 20 20 20 20 20 20 
19.9998 19.9998 19.9997 19.9996 19.9995 19.9992 19.9989 19.9985 19.9979 19.9972 19.9963 19.9952 19.9939 19.9924 19.9907 19.9887 19.9866 19.9844 19.9822 19.98 19.9779 19.9761 19.9745 19.9734 19.9726 19.9724 19.9726 19.9734 19.9745 19.9761 19.9779 19.98 19.9822 19.9844 19.9866 19.9887 19.9907 19.9924 19.9939 19.9952 19.9963 19.9972 19.9979 19.9985 19.9989 19.9992 19.9995 19.9996 19.9998 19.9998 19.9999 19.9999 20 20 20 20 20 20 20 20 20 20 20 20 20 20 20 20 20 20 20 20 20 20 20 20 20 20 20 20 20 20 20 20 20 20 20 20 20 20 20 20 20 20 20 20 20 20 20 20 
19.9998 19.9997 19.9997 19.9996 19.9994 19.9991 19.9987 19.9982 19.9976 19.9968 19.9957 19.9945 19.9929 19.9912 19.9891 19.9869 19.9844 19.9819 19.9793 19.9767 19.9743 19.9721 19.9703 19.969 19.9681 19.9679 19.9681 19.969 19.9703 19.9721 19.9743 19.9767 19.9793 19.9819 19.9844 19.9869 19.9891 19.9912 19.9929 19.9945 19.9957 19.9968 19.9976 19.9982 19.9987 19.9991 19.9994 19.9996 19.9997 19.9998 19.9999 19.9999 20 20 20 20 20 20 20 20 20 20 20 20 20 20 20 20 20 20 20 20 20 20 20 20 20 20 20 20 20 20 20 20 20 20 20 20 20 20 20 20 20 20 20 20 20 20 20 20 
19.9997 19.9997 19.9996 19.9995 19.9993 19.999 19.9985 19.998 19.9972 19.9963 19.9951 19.9937 19.9919 19.9899 19.9876 19.985 19.9822 19.9793 19.9763 19.9734 19.9706 19.9681 19.9661 19.9645 19.9636 19.9632 19.9636 19.9645 19.9661 19.9681 19.9706 19.9734 19.9763 19.9793 19.9822 19.985 19.9876 19.9899 19.9919 19.9937 19.9951 19.9963 19.9972 19.998 19.9986 19.999 19.9993 19.9995 19.9997 19.9998 19.9999 19.9999 20 20 20 20 20 20 20 20 20 20 20 20 20 20 20 20 20 20 20 20 20 20 20 20 20 20 20 20 20 20 20 20 20 20 20 20 20 20 20 20 20 20 20 20 20 20 20 20 
19.9997 19.9997 19.9996 19.9994 19.9992 19.9988 19.9984 19.9977 19.9969 19.9958 19.9945 19.9929 19.9909 19.9886 19.986 19.9831 19.98 19.9767 19.9734 19.9701 19.967 19.9642 19.9619 19.9601 19.959 19.9587 19.959 19.9601 19.9619 19.9642 19.967 19.9701 19.9734 19.9767 19.98 19.9831 19.986 19.9886 19.9909 19.9929 19.9945 19.9958 19.9969 19.9977 19.9984 19.9989 19.9992 19.9995 19.9996 19.9998 19.9999 19.9999 19.9999 20 20 20 20 20 20 20 20 20 20 20 20 20 20 20 20 20 20 20 20 20 20 20 20 20 20 20 20 20 20 20 20 20 20 20 20 20 20 20 20 20 20 20 20 20 20 20 
19.9997 19.9996 19.9995 19.9994 19.9991 19.9987 19.9982 19.9975 19.9966 19.9954 19.9939 19.9921 19.99 19.9875 19.9846 19.9814 19.9779 19.9743 19.9706 19.967 19.9636 19.9605 19.9579 19.956 19.9548 19.9544 19.9548 19.956 19.9579 19.9605 19.9636 19.967 19.9706 19.9743 19.9779 19.9814 19.9846 19.9875 19.99 19.9921 19.9939 19.9954 19.9966 19.9975 19.9982 19.9987 19.9991 19.9994 19.9996 19.9998 19.9998 19.9999 20 20 20 20 20 20 20 20 20 20 20 20 20 20 20 20 20 20 20 20 20 20 20 20 20 20 20 20 20 20 20 20 20 20 20 20 20 20 20 20 20 20 20 20 20 20 20 20 
19.9997 19.9996 19.9995 19.9993 19.999 19.9986 19.998 19.9973 19.9963 19.995 19.9934 19.9915 19.9891 19.9864 19.9833 19.9798 19.9761 19.9721 19.9681 19.9642 19.9605 19.9572 19.9544 19.9523 19.951 19.9506 19.951 19.9523 19.9544 19.9572 19.9605 19.9642 19.9681 19.9722 19.9761 19.9798 19.9833 19.9864 19.9891 19.9915 19.9934 19.995 19.9963 19.9973 19.9981 19.9987 19.9991 19.9994 19.9996 19.9997 19.9998 19.9999 20 20 20 20 20 20 20 20 20 20 20 20 20 20 20 20 20 20 20 20 20 20 20 20 20 20 20 20 20 20 20 20 20 20 20 20 20 20 20 20 20 20 20 20 20 20 20 20 
19.9996 19.9996 19.9995 19.9993 19.999 19.9985 19.9979 19.9971 19.996 19.9947 19.993 19.9909 19.9884 19.9855 19.9822 19.9785 19.9745 19.9703 19.9661 19.9619 19.9579 19.9544 19.9514 19.9492 19.9478 19.9473 19.9478 19.9492 19.9514 19.9544 19.9579 19.9619 19.9661 19.9703 19.9745 19.9785 19.9822 19.9855 19.9884 19.9909 19.993 19.9947 19.9961 19.9971 19.998 19.9986 19.999 19.9994 19.9996 19.9997 19.9999 19.9999 20 20 20 20 20 20 20 20 20 20 20 20 20 20 20 20 20 20 20 20 20 20 20 20 20 20 20 20 20 20 20 20 20 20 20 20 20 20 20 20 20 20 20 20 20 20 20 20 
19.9996 19.9996 19.9994 19.9992 19.9989 19.9985 19.9978 19.997 19.9959 19.9944 19.9927 19.9905 19.9879 19.9849 19.9814 19.9775 19.9734 19.969 19.9645 19.9601 19.956 19.9523 19.9492 19.9469 19.9454 19.9449 19.9454 19.9469 19.9492 19.9523 19.956 19.9601 19.9645 19.969 19.9734 19.9776 19.9814 19.9849 19.9879 19.9905 19.9927 19.9945 19.9959 19.997 19.9979 19.9985 19.999 19.9994 19.9996 19.9998 19.9999 20 20 20 20 20 20.0001 20 20 20 20 20 20 20 20 20 20 20 20 20 20 20 20 20 20 20 20 20 20 20 20 20 20 20 20 20 20 20 20 20 20 20 20 20 20 20 20 20 20 20 
19.9996 19.9996 19.9994 19.9992 19.9989 19.9984 19.9978 19.9969 19.9958 19.9943 19.9925 19.9902 19.9876 19.9844 19.9809 19.9769 19.9726 19.9681 19.9636 19.959 19.9548 19.951 19.9478 19.9454 19.9439 19.9434 19.9439 19.9454 19.9478 19.951 19.9548 19.959 19.9636 19.9681 19.9727 19.9769 19.9809 19.9845 19.9876 19.9903 19.9925 19.9944 19.9958 19.997 19.9979 19.9985 19.999 19.9994 19.9996 19.9998 19.9999 20 20 20.0001 20.0001 20.0001 20.0001 20.0001 20.0001 20.0001 20.0001 20 20 20 20 20 20 20 20 20 20 20 20 20 20 20 20 20 20 20 20 20 20 20 20 20 20 20 20 20 20 20 20 20 20 20 20 20 20 20 
19.9996 19.9996 19.9994 19.9992 19.9989 19.9984 19.9977 19.9969 19.9957 19.9942 19.9924 19.9902 19.9875 19.9843 19.9807 19.9767 19.9724 19.9679 19.9632 19.9587 19.9544 19.9506 19.9473 19.9449 19.9434 19.9429 19.9434 19.9449 19.9474 19.9506 19.9544 19.9587 19.9632 19.9679 19.9724 19.9767 19.9808 19.9844 19.9875 19.9902 19.9925 19.9944 19.9958 19.997 19.9979 19.9986 19.9991 19.9994 19.9997 19.9999 20 20.0001 20.0001 20.0001 20.0002 20.0002 20.0001 20.0001 20.0001 20.0001 20.0001 20.0001 20.0001 20 20 20 20 20 20 20 20 20 20 20 20 20 20 20 20 20 20 20 20 20 20 20 20 20 20 20 20 20 20 20 20 20 20 20 20 20 
19.9996 19.9996 19.9994 19.9992 19.9989 19.9984 19.9978 19.9969 19.9958 19.9943 19.9925 19.9902 19.9876 19.9844 19.9809 19.9769 19.9726 19.9681 19.9636 19.959 19.9548 19.951 19.9478 19.9454 19.9439 19.9434 19.9439 19.9454 19.9478 19.951 19.9548 19.9591 19.9636 19.9682 19.9727 19.977 19.9809 19.9845 19.9877 19.9904 19.9926 19.9945 19.9959 19.9971 19.998 19.9987 19.9992 19.9996 19.9998 20 20.0001 20.0002 20.0002 20.0003 20.0003 20.0002 20.0002 20.0002 20.0002 20.0002 20.0001 20.0001 20.0001 20.0001 20.0001 20 20 20 20 20 20 20 20 20 20 20 20 20 20 20 20 20 20 20 20 20 20 20 20 20 20 20 20 20 20 20 20 20 20 20 
19.9996 19.9996 19.9994 19.9992 19.9989 19.9985 19.9978 19.997 19.9959 19.9944 19.9927 19.9905 19.9879 19.9849 19.9814 19.9775 19.9734 19.969 19.9645 19.9601 19.956 19.9523 19.9492 19.9469 19.9454 19.9449 19.9454 19.9469 19.9492 19.9523 19.956 19.9601 19.9645 19.969 19.9734 19.9776 19.9815 19.985 19.988 19.9907 19.9929 19.9947 19.9962 19.9973 19.9982 19.9989 19.9994 19.9997 20 20.0002 20.0003 20.0004 20.0004 20.0004 20.0004 20.0004 20.0004 20.0003 20.0003 20.0002 20.0002 20.0002 20.0001 20.0001 20.0001 20.0001 20.0001 20 20 20 20 20 20 20 20 20 20 20 20 20 20 20 20 20 20 20 20 20 20 20 20 20 20 20 20 20 20 20 20 20 
19.9996 19.9996 19.9995 19.9993 19.999 19.9985 19.9979 19.9971 19.996 19.9947 19.993 19.9909 19.9884 19.9855 19.9822 19.9785 19.9745 19.9703 19.9661 19.9619 19.9579 19.9544 19.9514 19.9492 19.9478 19.9474 19.9478 19.9492 19.9514 19.9544 19.9579 19.9619 19.9661 19.9704 19.9746 19.9786 19.9823 19.9857 19.9886 19.9912 19.9933 19.9951 19.9965 19.9976 19.9985 19.9991 19.9996 20 20.0003 20.0004 20.0006 20.0006 20.0006 20.0006 20.0006 20.0006 20.0005 20.0005 20.0004 20.0004 20.0003 20.0003 20.0002 20.0002 20.0001 20.0001 20.0001 20.0001 20 20 20 20 20 20 20 20 20 20 20 20 20 20 20 20 20 20 20 20 20 20 20 20 20 20 20 20 20 20 20 20 
19.9997 19.9996 19.9995 19.9993 19.999 19.9986 19.998 19.9973 19.9963 19.995 19.9934 19.9915 19.9891 19.9864 19.9833 19.9798 19.9761 19.9721 19.9681 19.9642 19.9605 19.9572 19.9544 19.9523 19.951 19.9506 19.951 19.9523 19.9544 19.9572 19.9605 19.9642 19.9682 19.9722 19.9762 19.98 19.9835 19.9866 19.9894 19.9918 19.9939 19.9955 19.9969 19.998 19.9988 19.9995 20 20.0004 20.0006 20.0008 20.0009 20.001 20.001 20.001 20.0009 20.0009 20.0008 20.0007 20.0006 20.0005 20.0004 20.0004 20.0003 20.0002 20.0002 20.0001 20.0001 20.0001 20.0001 20 20 20 20 20 20 20 20 20 20 20 20 20 20 20 20 20 20 20 20 20 20 20 20 20 20 20 20 20 20 20 
19.9997 19.9996 19.9995 19.9994 19.9991 19.9987 19.9982 19.9975 19.9966 19.9954 19.9939 19.9921 19.99 19.9875 19.9846 19.9814 19.9779 19.9743 19.9706 19.967 19.9636 19.9605 19.9579 19.956 19.9548 19.9544 19.9548 19.956 19.9579 19.9605 19.9636 19.967 19.9707 19.9744 19.9781 19.9816 19.9849 19.9878 19.9904 19.9927 19.9946 19.9962 19.9975 19.9985 19.9994 20 20.0005 20.0009 20.0011 20.0013 20.0014 20.0015 20.0015 20.0014 20.0013 20.0013 20.0011 20.001 20.0009 20.0008 20.0006 20.0005 20.0004 20.0003 20.0003 20.0002 20.0002 20.0001 20.0001 20.0001 20 20 20 20 20 20 20 20 20 20 20 20 20 20 20 20 20 20 20 20 20 20 20 20 20 20 20 20 20 20 
19.9997 19.9997 19.9996 19.9994 19.9992 19.9988 19.9984 19.9977 19.9969 19.9958 19.9945 19.9929 19.9909 19.9886 19.986 19.9831 19.98 19.9767 19.9734 19.9701 19.967 19.9642 19.9619 19.9601 19.959 19.9587 19.9591 19.9601 19.9619 19.9642 19.967 19.9702 19.9735 19.9769 19.9802 19.9834 19.9864 19.9891 19.9915 19.9936 19.9954 19.9969 19.9982 19.9992 20 20.0006 20.0012 20.0015 20.0018 20.002 20.0021 20.0021 20.0021 20.002 20.0019 20.0018 20.0016 20.0014 20.0013 20.0011 20.0009 20.0008 20.0006 20.0005 20.0004 20.0003 20.0002 20.0002 20.0001 20.0001 20.0001 20 20 20 20 20 20 20 20 20 20 20 20 20 20 20 20 20 20 20 20 20 20 20 20 20 20 20 20 20 
19.9997 19.9997 19.9996 19.9995 19.9993 19.999 19.9985 19.998 19.9972 19.9963 19.9951 19.9937 19.9919 19.9899 19.9876 19.985 19.9822 19.9793 19.9763 19.9734 19.9706 19.9681 19.9661 19.9645 19.9636 19.9632 19.9636 19.9645 19.9661 19.9682 19.9707 19.9735 19.9765 19.9795 19.9825 19.9854 19.9881 19.9906 19.9928 19.9947 19.9964 19.9978 19.999 20 20.0008 20.0015 20.002 20.0024 20.0027 20.0029 20.003 20.003 20.003 20.0029 20.0027 20.0025 20.0023 20.002 20.0018 20.0015 20.0013 20.0011 20.0009 20.0007 20.0005 20.0004 20.0003 20.0002 20.0002 20.0001 20.0001 20.0001 20 20 20 20 20 20 20 20 20 20 20 20 20 20 20 20 20 20 20 20 20 20 20 20 20 20 20 20 
19.9998 19.9997 19.9997 19.9996 19.9994 19.9991 19.9987 19.9982 19.9976 19.9968 19.9957 19.9945 19.9929 19.9912 19.9891 19.9869 19.9844 19.9819 19.9793 19.9767 19.9743 19.9722 19.9703 19.969 19.9681 19.9679 19.9682 19.969 19.9704 19.9722 19.9744 19.9769 19.9795 19.9822 19.9849 19.9875 19.9899 19.9921 19.9941 19.9959 19.9975 19.9988 20 20.001 20.0018 20.0025 20.0031 20.0035 20.0038 20.0041 20.0042 20.0042 20.0041 20.0039 20.0037 20.0034 20.0031 20.0028 20.0024 20.0021 20.0017 20.0014 20.0012 20.0009 20.0007 20.0006 20.0004 20.0003 20.0002 20.0002 20.0001 20.0001 20.0001 20 20 20 20 20 20 20 20 20 20 20 20 20 20 20 20 20 20 20 20 20 20 20 20 20 20 20 
19.9998 19.9998 19.9997 19.9996 19.9995 19.9992 19.9989 19.9985 19.9979 19.9972 19.9963 19.9952 19.9939 19.9924 19.9907 19.9887 19.9866 19.9844 19.9822 19.98 19.9779 19.9761 19.9745 19.9734 19.9727 19.9724 19.9727 19.9734 19.9746 19.9762 19.9781 19.9802 19.9825 19.9849 19.9872 19.9895 19.9917 19.9937 19.9955 19.9972 19.9987 20 20.0012 20.0022 20.0031 20.0038 20.0045 20.0049 20.0053 20.0055 20.0056 20.0056 20.0055 20.0053 20.005 20.0046 20.0042 20.0037 20.0032 20.0028 20.0023 20.0019 20.0016 20.0013 20.001 20.0008 20.0006 20.0004 20.0003 20.0002 20.0002 20.0001 20.0001 20.0001 20 20 20 20 20 20 20 20 20 20 20 20 20 20 20 20 20 20 20 20 20 20 20 20 20 20 
19.9998 19.9998 19.9998 19.9997 19.9995 19.9993 19.9991 19.9987 19.9983 19.9977 19.9969 19.996 19.9949 19.9936 19.9921 19.9905 19.9887 19.9869 19.985 19.9831 19.9814 19.9798 19.9785 19.9776 19.9769 19.9767 19.977 19.9776 19.9786 19.98 19.9816 19.9834 19.9854 19.9875 19.9895 19.9915 19.9934 19.9953 19.997 19.9985 20 20.0013 20.0025 20.0036 20.0046 20.0054 20.0061 20.0067 20.0071 20.0074 20.0075 20.0075 20.0073 20.007 20.0066 20.0061 20.0055 20.0049 20.0043 20.0037 20.0031 20.0026 20.0021 20.0017 20.0013 20.001 20.0008 20.0006 20.0004 20.0003 20.0002 20.0001 20.0001 20.0001 20 20 20 20 20 20 20 20 20 20 20 20 20 20 20 20 20 20 20 20 20 20 20 20 20 20 
19.9999 19.9998 19.9998 19.9997 19.9996 19.9995 19.9992 19.9989 19.9986 19.9981 19.9974 19.9967 19.9958 19.9947 19.9935 19.9921 19.9907 19.9891 19.9876 19.986 19.9846 19.9833 19.9822 19.9814 19.9809 19.9808 19.9809 19.9815 19.9823 19.9835 19.9849 19.9864 19.9881 19.9899 19.9917 19.9934 19.9952 19.9969 19.9985 20 20.0015 20.0028 20.0041 20.0053 20.0064 20.0073 20.0082 20.0088 20.0093 20.0096 20.0098 20.0097 20.0095 20.0091 20.0085 20.0079 20.0071 20.0063 20.0055 20.0048 20.004 20.0033 20.0027 20.0022 20.0017 20.0013 20.001 20.0007 20.0005 20.0004 20.0003 20.0002 20.0001 20.0001 20.0001 20 20 20 20 20 20 20 20 20 20 20 20 20 20 20 20 20 20 20 20 20 20 20 20 20 
19.9999 19.9999 19.9998 19.9998 19.9997 19.9996 19.9994 19.9991 19.9988 19.9984 19.9979 19.9973 19.9965 19.9957 19.9947 19.9936 19.9924 19.9912 19.9899 19.9886 19.9875 19.9864 19.9855 19.9849 19.9845 19.9844 19.9845 19.985 19.9857 19.9866 19.9878 19.9891 19.9906 19.9921 19.9937 19.9953 19.9969 19.9984 20 20.0015 20.003 20.0045 20.0059 20.0072 20.0085 20.0096 20.0106 20.0114 20.012 20.0123 20.0125 20.0124 20.0121 20.0116 20.0109 20.01 20.0091 20.0081 20.0071 20.0061 20.0051 20.0042 20.0035 20.0028 20.0022 20.0017 20.0013 20.0009 20.0007 20.0005 20.0003 20.0002 20.0002 20.0001 20.0001 20 20 20 20 20 20 20 20 20 20 20 20 20 20 20 20 20 20 20 20 20 20 20 20 20 
19.9999 19.9999 19.9999 19.9998 19.9998 19.9996 19.9995 19.9993 19.9991 19.9987 19.9983 19.9978 19.9972 19.9965 19.9958 19.9949 19.9939 19.9929 19.9919 19.9909 19.99 19.9891 19.9884 19.9879 19.9876 19.9875 19.9877 19.988 19.9886 19.9894 19.9904 19.9915 19.9928 19.9941 19.9955 19.997 19.9985 20 20.0016 20.0031 20.0047 20.0063 20.0079 20.0094 20.0109 20.0122 20.0134 20.0143 20.015 20.0155 20.0156 20.0155 20.0151 20.0145 20.0136 20.0125 20.0114 20.0101 20.0088 20.0076 20.0064 20.0053 20.0043 20.0035 20.0027 20.0021 20.0016 20.0012 20.0009 20.0006 20.0004 20.0003 20.0002 20.0001 20.0001 20.0001 20 20 20 20 20 20 20 20 20 20 20 20 20 20 20 20 20 20 20 20 20 20 20 20 
19.9999 19.9999 19.9999 19.9999 19.9998 19.9997 19.9996 19.9995 19.9993 19.999 19.9987 19.9983 19.9978 19.9973 19.9967 19.996 19.9952 19.9945 19.9937 19.9929 19.9921 19.9915 19.9909 19.9905 19.9903 19.9902 19.9904 19.9907 19.9912 19.9918 19.9927 19.9936 19.9947 19.9959 19.9972 19.9985 20 20.0015 20.0031 20.0048 20.0066 20.0083 20.0101 20.0119 20.0136 20.0151 20.0165 20.0177 20.0185 20.0191 20.0192 20.0191 20.0186 20.0178 20.0167 20.0154 20.014 20.0124 20.0109 20.0093 20.0079 20.0065 20.0053 20.0042 20.0033 20.0026 20.0019 20.0014 20.0011 20.0008 20.0005 20.0004 20.0003 20.0002 20.0001 20.0001 20 20 20 20 20 20 20 20 20 20 20 20 20 20 20 20 20 20 20 20 20 20 20 20 
19.9999 19.9999 19.9999 19.9999 19.9998 19.9998 19.9997 19.9996 19.9994 19.9992 19.999 19.9987 19.9983 19.9979 19.9974 19.9969 19.9963 19.9957 19.9951 19.9945 19.9939 19.9934 19.993 19.9927 19.9925 19.9925 19.9926 19.9929 19.9933 19.9939 19.9946 19.9954 19.9964 19.9975 19.9987 20 20.0015 20.003 20.0047 20.0066 20.0085 20.0105 20.0125 20.0146 20.0166 20.0184 20.02 20.0214 20.0224 20.023 20.0233 20.0231 20.0224 20.0215 20.0202 20.0186 20.0169 20.015 20.0131 20.0113 20.0095 20.0079 20.0064 20.0051 20.004 20.0031 20.0023 20.0017 20.0013 20.0009 20.0006 20.0004 20.0003 20.0002 20.0001 20.0001 20.0001 20 20 20 20 20 20 20 20 20 20 20 20 20 20 20 20 20 20 20 20 20 20 20 
20 20 19.9999 19.9999 19.9999 19.9998 19.9998 19.9997 19.9996 19.9994 19.9992 19.999 19.9987 19.9984 19.9981 19.9977 19.9972 19.9968 19.9963 19.9958 19.9954 19.995 19.9947 19.9945 19.9944 19.9944 19.9945 19.9947 19.9951 19.9955 19.9962 19.9969 19.9978 19.9988 20 20.0013 20.0028 20.0045 20.0063 20.0083 20.0105 20.0128 20.0151 20.0175 20.0198 20.0219 20.0238 20.0254 20.0266 20.0273 20.0276 20.0273 20.0266 20.0255 20.0239 20.0221 20.02 20.0178 20.0156 20.0134 20.0113 20.0093 20.0076 20.0061 20.0048 20.0037 20.0028 20.0021 20.0015 20.0011 20.0008 20.0005 20.0004 20.0002 20.0002 20.0001 20.0001 20 20 20 20 20 20 20 20 20 20 20 20 20 20 20 20 20 20 20 20 20 20 20 
20 20 20 19.9999 19.9999 19.9999 19.9998 19.9998 19.9997 19.9996 19.9994 19.9993 19.9991 19.9988 19.9986 19.9983 19.9979 19.9976 19.9972 19.9969 19.9966 19.9963 19.9961 19.9959 19.9958 19.9958 19.9959 19.9962 19.9965 19.9969 19.9975 19.9982 19.999 20 20.0012 20.0025 20.0041 20.0059 20.0079 20.0101 20.0125 20.0151 20.0178 20.0205 20.0231 20.0256 20.0278 20.0296 20.031 20.0318 20.0321 20.0319 20.031 20.0297 20.0278 20.0257 20.0233 20.0207 20.0181 20.0156 20.0131 20.0109 20.0088 20.0071 20.0055 20.0043 20.0032 20.0024 20.0018 20.0013 20.0009 20.0006 20.0004 20.0003 20.0002 20.0001 20.0001 20 20 20 20 20 20 20 20 20 20 20 20 20 20 20 20 20 20 20 20 20 20 20 
20 20 20 20 19.9999 19.9999 19.9999 19.9998 19.9998 19.9997 19.9996 19.9995 19.9993 19.9991 19.9989 19.9987 19.9985 19.9982 19.998 19.9977 19.9975 19.9973 19.9971 19.997 19.997 19.997 19.9971 19.9973 19.9976 19.998 19.9985 19.9992 20 20.001 20.0022 20.0036 20.0053 20.0072 20.0094 20.0119 20.0146 20.0175 20.0205 20.0235 20.0265 20.0293 20.0318 20.0339 20.0355 20.0364 20.0368 20.0364 20.0355 20.0339 20.0319 20.0294 20.0266 20.0237 20.0207 20.0178 20.015 20.0124 20.0101 20.0081 20.0063 20.0049 20.0037 20.0028 20.002 20.0014 20.001 20.0007 20.0005 20.0003 20.0002 20.0001 20.0001 20.0001 20 20 20 20 20 20 20 20 20 20 20 20 20 20 20 20 20 20 20 20 20 20 
20 20 20 20 20 19.9999 19.9999 19.9999 19.9998 19.9998 19.9997 19.9996 19.9995 19.9994 19.9992 19.9991 19.9989 19.9987 19.9986 19.9984 19.9982 19.9981 19.998 19.9979 19.9979 19.9979 19.998 19.9982 19.9985 19.9988 19.9994 20 20.0008 20.0018 20.0031 20.0046 20.0064 20.0085 20.0109 20.0136 20.0166 20.0198 20.0231 20.0265 20.0298 20.033 20.0358 20.0381 20.0399 20.0409 20.0413 20.041 20.0399 20.0381 20.0358 20.033 20.0299 20.0266 20.0233 20.02 20.0169 20.014 20.0114 20.0091 20.0071 20.0055 20.0042 20.0031 20.0023 20.0016 20.0011 20.0008 20.0005 20.0004 20.0002 20.0002 20.0001 20.0001 20 20 20 20 20 20 20 20 20 20 20 20 20 20 20 20 20 20 20 20 20 20 
20 20 20 20 20 20 19.9999 19.9999 19.9999 19.9998 19.9998 19.9997 19.9997 19.9996 19.9995 19.9994 19.9992 19.9991 19.999 19.9989 19.9987 19.9987 19.9986 19.9985 19.9985 19.9986 19.9987 19.9989 19.9991 19.9995 20 20.0006 20.0015 20.0025 20.0038 20.0054 20.0073 20.0096 20.0122 20.0151 20.0184 20.0219 20.0256 20.0293 20.033 20.0364 20.0395 20.0421 20.044 20.0452 20.0456 20.0452 20.044 20.0421 20.0395 20.0364 20.033 20.0294 20.0257 20.0221 20.0186 20.0154 20.0125 20.01 20.0079 20.0061 20.0046 20.0034 20.0025 20.0018 20.0013 20.0009 20.0006 20.0004 20.0003 20.0002 20.0001 20.0001 20 20 20 20 20 20 20 20 20 20 20 20 20 20 20 20 20 20 20 20 20 20 
20 20 20 20 20 20 20 19.9999 19.9999 19.9999 19.9999 19.9998 19.9998 19.9997 19.9996 19.9996 19.9995 19.9994 19.9993 19.9992 19.9991 19.9991 19.999 19.999 19.999 19.9991 19.9992 19.9994 19.9996 20 20.0005 20.0012 20.002 20.0031 20.0045 20.0061 20.0082 20.0106 20.0134 20.0165 20.02 20.0238 20.0278 20.0318 20.0358 20.0395 20.0428 20.0456 20.0477 20.049 20.0494 20.049 20.0477 20.0456 20.0428 20.0395 20.0358 20.0319 20.0279 20.0239 20.0202 20.0167 20.0136 20.0109 20.0085 20.0066 20.005 20.0037 20.0027 20.0019 20.0014 20.001 20.0006 20.0004 20.0003 20.0002 20.0001 20.0001 20 20 20 20 20 20 20 20 20 20 20 20 20 20 20 20 20 20 20 20 20 20 
20 20 20 20 20 20 20 20 19.9999 19.9999 19.9999 19.9999 19.9998 19.9998 19.9997 19.9997 19.9996 19.9996 19.9995 19.9995 19.9994 19.9994 19.9994 19.9994 19.9994 19.9994 19.9996 19.9997 20 20.0004 20.0009 20.0015 20.0024 20.0035 20.0049 20.0067 20.0088 20.0114 20.0143 20.0177 20.0214 20.0254 20.0296 20.0339 20.0381 20.0421 20.0456 20.0486 20.0508 20.0522 20.0526 20.0522 20.0508 20.0486 20.0456 20.0421 20.0381 20.0339 20.0297 20.0255 20.0215 20.0178 20.0145 20.0116 20.0091 20.007 20.0053 20.0039 20.0029 20.0021 20.0015 20.001 20.0007 20.0005 20.0003 20.0002 20.0001 20.0001 20 20 20 20 20 20 20 20 20 20 20 20 20 20 20 20 20 20 20 20 20 20 
20 20 20 20 20 20 20 20 20 19.9999 19.9999 19.9999 19.9999 19.9999 19.9998 19.9998 19.9998 19.9997 19.9997 19.9996 19.9996 19.9996 19.9996 19.9996 19.9996 19.9997 19.9998 20 20.0003 20.0006 20.0011 20.0018 20.0027 20.0038 20.0053 20.0071 20.0093 20.012 20.015 20.0185 20.0224 20.0266 20.031 20.0355 20.0399 20.044 20.0477 20.0508 20.0531 20.0546 20.0551 20.0546 20.0531 20.0508 20.0477 20.044 20.0399 20.0355 20.031 20.0266 20.0225 20.0186 20.0151 20.0121 20.0095 20.0073 20.0055 20.0041 20.003 20.0022 20.0015 20.0011 20.0007 20.0005 20.0003 20.0002 20.0001 20.0001 20 20 20 20 20 20 20 20 20 20 20 20 20 20 20 20 20 20 20 20 20 20 
20 20 20 20 20 20 20 20 20 20 20 19.9999 19.9999 19.9999 19.9999 19.9999 19.9998 19.9998 19.9998 19.9998 19.9998 19.9997 19.9997 19.9998 19.9998 19.9999 20 20.0002 20.0004 20.0008 20.0013 20.002 20.0029 20.0041 20.0055 20.0074 20.0096 20.0123 20.0155 20.0191 20.023 20.0273 20.0318 20.0364 20.0409 20.0452 20.049 20.0522 20.0546 20.0561 20.0566 20.0561 20.0546 20.0522 20.049 20.0452 20.041 20.0364 20.0319 20.0274 20.0231 20.0191 20.0156 20.0124 20.0098 20.0075 20.0057 20.0042 20.0031 20.0022 20.0016 20.0011 20.0007 20.0005 20.0003 20.0002 20.0001 20.0001 20.0001 20 20 20 20 20 20 20 20 20 20 20 20 20 20 20 20 20 20 20 20 20 
20 20 20 20 20 20 20 20 20 20 20 20 20 19.9999 19.9999 19.9999 19.9999 19.9999 19.9999 19.9999 19.9998 19.9998 19.9999 19.9999 19.9999 20 20.0001 20.0003 20.0006 20.0009 20.0014 20.0021 20.003 20.0042 20.0056 20.0075 20.0098 20.0125 20.0156 20.0192 20.0233 20.0276 20.0321 20.0368 20.0413 20.0456 20.0494 20.0526 20.0551 20.0566 20.0571 20.0566 20.0551 20.0527 20.0494 20.0456 20.0413 20.0368 20.0321 20.0276 20.0233 20.0193 20.0157 20.0125 20.0098 20.0076 20.0058 20.0043 20.0031 20.0022 20.0016 20.0011 20.0007 20.0005 20.0003 20.0002 20.0001 20.0001 20.0001 20 20 20 20 20 20 20 20 20 20 20 20 20 20 20 20 20 20 20 20 20 
20 20 20 20 20 20 20 20 20 20 20 20 20 20 20 19.9999 19.9999 19.9999 19.9999 19.9999 19.9999 19.9999 19.9999 20 20 20.0001 20.0002 20.0004 20.0006 20.001 20.0015 20.0021 20.003 20.0042 20.0056 20.0075 20.0097 20.0124 20.0155 20.0191 20.0231 20.0273 20.0319 20.0364 20.041 20.0452 20.049 20.0522 20.0546 20.0561 20.0566 20.0561 20.0546 20.0522 20.049 20.0452 20.041 20.0364 20.0319 20.0274 20.0231 20.0191 20.0156 20.0124 20.0098 20.0075 20.0057 20.0042 20.0031 20.0022 20.0016 20.0011 20.0007 20.0005 20.0003 20.0002 20.0001 20.0001 20.0001 20 20 20 20 20 20 20 20 20 20 20 20 20 20 20 20 20 20 20 20 20 
20 20 20 20 20 20 20 20 20 20 20 20 20 20 20 20 20 20 20 19.9999 20 20 20 20 20 20.0001 20.0002 20.0004 20.0006 20.001 20.0015 20.0021 20.003 20.0041 20.0055 20.0073 20.0095 20.0121 20.0151 20.0186 20.0224 20.0266 20.031 20.0355 20.0399 20.044 20.0477 20.0508 20.0531 20.0546 20.0551 20.0546 20.0531 20.0508 20.0477 20.044 20.0399 20.0355 20.031 20.0266 20.0225 20.0186 20.0151 20.0121 20.0095 20.0073 20.0055 20.0041 20.003 20.0022 20.0015 20.0011 20.0007 20.0005 20.0003 20.0002 20.0001 20.0001 20 20 20 20 20 20 20 20 20 20 20 20 20 20 20 20 20 20 20 20 20 20 
20 20 20 20 20 20 20 20 20 20 20 20 20 20 20 20 20 20 20 20 20 20 20 20 20.0001 20.0001 20.0003 20.0004 20.0006 20.001 20.0014 20.002 20.0029 20.0039 20.0053 20.007 20.0091 20.0116 20.0145 20.0178 20.0215 20.0255 20.0297 20.0339 20.0381 20.0421 20.0456 20.0486 20.0508 20.0522 20.0527 20.0522 20.0508 20.0486 20.0456 20.0421 20.0381 20.0339 20.0297 20.0255 20.0215 20.0178 20.0145 20.0116 20.0091 20.007 20.0053 20.0039 20.0029 20.0021 20.0015 20.001 20.0007 20.0005 20.0003 20.0002 20.0001 20.0001 20 20 20 20 20 20 20 20 20 20 20 20 20 20 20 20 20 20 20 20 20 20 
20 20 20 20 20 20 20 20 20 20 20 20 20 20 20 20 20 20 20 20 20 20 20 20 20.0001 20.0002 20.0003 20.0004 20.0006 20.0009 20.0013 20.0019 20.0027 20.0037 20.005 20.0066 20.0085 20.0109 20.0136 20.0167 20.0202 20.0239 20.0278 20.0319 20.0358 20.0395 20.0428 20.0456 20.0477 20.049 20.0494 20.049 20.0477 20.0456 20.0428 20.0395 20.0358 20.0319 20.0279 20.0239 20.0202 20.0167 20.0136 20.0109 20.0085 20.0066 20.005 20.0037 20.0027 20.0019 20.0014 20.001 20.0006 20.0004 20.0003 20.0002 20.0001 20.0001 20 20 20 20 20 20 20 20 20 20 20 20 20 20 20 20 20 20 20 20 20 20 
20 20 20 20 20 20 20 20 20 20 20 20 20 20 20 20 20 20 20 20 20 20 20 20 20.0001 20.0002 20.0002 20.0004 20.0006 20.0009 20.0013 20.0018 20.0025 20.0034 20.0046 20.0061 20.0079 20.01 20.0125 20.0154 20.0186 20.0221 20.0257 20.0294 20.033 20.0364 20.0395 20.0421 20.044 20.0452 20.0456 20.0452 20.044 20.0421 20.0395 20.0364 20.033 20.0294 20.0257 20.0221 20.0186 20.0154 20.0125 20.01 20.0079 20.0061 20.0046 20.0034 20.0025 20.0018 20.0013 20.0009 20.0006 20.0004 20.0003 20.0002 20.0001 20.0001 20 20 20 20 20 20 20 20 20 20 20 20 20 20 20 20 20 20 20 20 20 20 
20 20 20 20 20 20 20 20 20 20 20 20 20 20 20 20 20 20 20 20 20 20 20 20.0001 20.0001 20.0001 20.0002 20.0004 20.0005 20.0008 20.0011 20.0016 20.0023 20.0031 20.0042 20.0055 20.0071 20.0091 20.0114 20.014 20.0169 20.02 20.0233 20.0266 20.0299 20.033 20.0358 20.0381 20.0399 20.041 20.0413 20.041 20.0399 20.0381 20.0358 20.033 20.0299 20.0266 20.0233 20.02 20.0169 20.014 20.0114 20.0091 20.0071 20.0055 20.0042 20.0031 20.0023 20.0016 20.0011 20.0008 20.0005 20.0004 20.0002 20.0002 20.0001 20.0001 20 20 20 20 20 20 20 20 20 20 20 20 20 20 20 20 20 20 20 20 20 20 
20 20 20 20 20 20 20 20 20 20 20 20 20 20 20 20 20 20 20 20 20 20 20 20 20.0001 20.0001 20.0002 20.0003 20.0005 20.0007 20.001 20.0014 20.002 20.0028 20.0037 20.0049 20.0063 20.0081 20.0101 20.0124 20.015 20.0178 20.0207 20.0237 20.0266 20.0294 20.0319 20.0339 20.0355 20.0364 20.0368 20.0364 20.0355 20.0339 20.0319 20.0294 20.0266 20.0237 20.0207 20.0178 20.015 20.0124 20.0101 20.0081 20.0063 20.0049 20.0037 20.0028 20.002 20.0014 20.001 20.0007 20.0005 20.0003 20.0002 20.0001 20.0001 20.0001 20 20 20 20 20 20 20 20 20 20 20 20 20 20 20 20 20 20 20 20 20 20 
20 20 20 20 20 20 20 20 20 20 20 20 20 20 20 20 20 20 20 20 20 20 20 20 20.0001 20.0001 20.0002 20.0003 20.0004 20.0006 20.0009 20.0013 20.0018 20.0024 20.0032 20.0043 20.0055 20.0071 20.0088 20.0109 20.0131 20.0156 20.0181 20.0207 20.0233 20.0257 20.0279 20.0297 20.031 20.0319 20.0321 20.0319 20.031 20.0297 20.0279 20.0257 20.0233 20.0207 20.0181 20.0156 20.0131 20.0109 20.0088 20.0071 20.0055 20.0043 20.0032 20.0024 20.0018 20.0013 20.0009 20.0006 20.0004 20.0003 20.0002 20.0001 20.0001 20 20 20 20 20 20 20 20 20 20 20 20 20 20 20 20 20 20 20 20 20 20 20 
20 20 20 20 20 20 20 20 20 20 20 20 20 20 20 20 20 20 20 20 20 20 20 20 20.0001 20.0001 20.0002 20.0002 20.0004 20.0005 20.0008 20.0011 20.0015 20.0021 20.0028 20.0037 20.0048 20.0061 20.0076 20.0093 20.0113 20.0134 20.0156 20.0178 20.02 20.0221 20.0239 20.0255 20.0266 20.0274 20.0276 20.0274 20.0266 20.0255 20.0239 20.0221 20.02 20.0178 20.0156 20.0134 20.0113 20.0093 20.0076 20.0061 20.0048 20.0037 20.0028 20.0021 20.0015 20.0011 20.0008 20.0005 20.0004 20.0002 20.0002 20.0001 20.0001 20 20 20 20 20 20 20 20 20 20 20 20 20 20 20 20 20 20 20 20 20 20 20 
20 20 20 20 20 20 20 20 20 20 20 20 20 20 20 20 20 20 20 20 20 20 20 20 20.0001 20.0001 20.0001 20.0002 20.0003 20.0004 20.0006 20.0009 20.0013 20.0017 20.0023 20.0031 20.004 20.0051 20.0064 20.0079 20.0095 20.0113 20.0131 20.015 20.0169 20.0186 20.0202 20.0215 20.0225 20.0231 20.0233 20.0231 20.0225 20.0215 20.0202 20.0186 20.0169 20.015 20.0131 20.0113 20.0095 20.0079 20.0064 20.0051 20.004 20.0031 20.0023 20.0017 20.0013 20.0009 20.0006 20.0004 20.0003 20.0002 20.0001 20.0001 20.0001 20 20 20 20 20 20 20 20 20 20 20 20 20 20 20 20 20 20 20 20 20 20 20 
20 20 20 20 20 20 20 20 20 20 20 20 20 20 20 20 20 20 20 20 20 20 20 20 20 20.0001 20.0001 20.0002 20.0003 20.0004 20.0005 20.0008 20.0011 20.0014 20.0019 20.0026 20.0033 20.0042 20.0053 20.0065 20.0079 20.0093 20.0109 20.0124 20.014 20.0154 20.0167 20.0178 20.0186 20.0191 20.0193 20.0191 20.0186 20.0178 20.0167 20.0154 20.014 20.0124 20.0109 20.0093 20.0079 20.0065 20.0053 20.0042 20.0033 20.0026 20.0019 20.0014 20.0011 20.0008 20.0005 20.0004 20.0003 20.0002 20.0001 20.0001 20 20 20 20 20 20 20 20 20 20 20 20 20 20 20 20 20 20 20 20 20 20 20 20 
20 20 20 20 20 20 20 20 20 20 20 20 20 20 20 20 20 20 20 20 20 20 20 20 20 20.0001 20.0001 20.0001 20.0002 20.0003 20.0004 20.0006 20.0009 20.0012 20.0016 20.0021 20.0027 20.0035 20.0043 20.0053 20.0064 20.0076 20.0088 20.0101 20.0114 20.0125 20.0136 20.0145 20.0151 20.0156 20.0157 20.0156 20.0151 20.0145 20.0136 20.0125 20.0114 20.0101 20.0088 20.0076 20.0064 20.0053 20.0043 20.0035 20.0027 20.0021 20.0016 20.0012 20.0009 20.0006 20.0004 20.0003 20.0002 20.0001 20.0001 20.0001 20 20 20 20 20 20 20 20 20 20 20 20 20 20 20 20 20 20 20 20 20 20 20 20 
20 20 20 20 20 20 20 20 20 20 20 20 20 20 20 20 20 20 20 20 20 20 20 20 20 20 20.0001 20.0001 20.0002 20.0002 20.0003 20.0005 20.0007 20.0009 20.0013 20.0017 20.0022 20.0028 20.0035 20.0042 20.0051 20.0061 20.0071 20.0081 20.0091 20.01 20.0109 20.0116 20.0121 20.0124 20.0125 20.0124 20.0121 20.0116 20.0109 20.01 20.0091 20.0081 20.0071 20.0061 20.0051 20.0042 20.0035 20.0028 20.0022 20.0017 20.0013 20.0009 20.0007 20.0005 20.0003 20.0002 20.0002 20.0001 20.0001 20 20 20 20 20 20 20 20 20 20 20 20 20 20 20 20 20 20 20 20 20 20 20 20 20 
20 20 20 20 20 20 20 20 20 20 20 20 20 20 20 20 20 20 20 20 20 20 20 20 20 20 20.0001 20.0001 20.0001 20.0002 20.0003 20.0004 20.0005 20.0007 20.001 20.0013 20.0017 20.0022 20.0027 20.0033 20.004 20.0048 20.0055 20.0063 20.0071 20.0079 20.0085 20.0091 20.0095 20.0098 20.0098 20.0098 20.0095 20.0091 20.0085 20.0079 20.0071 20.0063 20.0055 20.0048 20.004 20.0033 20.0027 20.0022 20.0017 20.0013 20.001 20.0007 20.0005 20.0004 20.0003 20.0002 20.0001 20.0001 20.0001 20 20 20 20 20 20 20 20 20 20 20 20 20 20 20 20 20 20 20 20 20 20 20 20 20 
20 20 20 20 20 20 20 20 20 20 20 20 20 20 20 20 20 20 20 20 20 20 20 20 20 20 20 20.0001 20.0001 20.0001 20.0002 20.0003 20.0004 20.0006 20.0008 20.001 20.0013 20.0017 20.0021 20.0026 20.0031 20.0037 20.0043 20.0049 20.0055 20.0061 20.0066 20.007 20.0073 20.0075 20.0076 20.0075 20.0073 20.007 20.0066 20.0061 20.0055 20.0049 20.0043 20.0037 20.0031 20.0026 20.0021 20.0017 20.0013 20.001 20.0008 20.0006 20.0004 20.0003 20.0002 20.0001 20.0001 20.0001 20 20 20 20 20 20 20 20 20 20 20 20 20 20 20 20 20 20 20 20 20 20 20 20 20 20 
20 20 20 20 20 20 20 20 20 20 20 20 20 20 20 20 20 20 20 20 20 20 20 20 20 20 20 20.0001 20.0001 20.0001 20.0002 20.0002 20.0003 20.0004 20.0006 20.0008 20.001 20.0013 20.0016 20.0019 20.0023 20.0028 20.0032 20.0037 20.0042 20.0046 20.005 20.0053 20.0055 20.0057 20.0058 20.0057 20.0055 20.0053 20.005 20.0046 20.0042 20.0037 20.0032 20.0028 20.0023 20.0019 20.0016 20.0013 20.001 20.0008 20.0006 20.0004 20.0003 20.0002 20.0002 20.0001 20.0001 20.0001 20 20 20 20 20 20 20 20 20 20 20 20 20 20 20 20 20 20 20 20 20 20 20 20 20 20 
20 20 20 20 20 20 20 20 20 20 20 20 20 20 20 20 20 20 20 20 20 20 20 20 20 20 20 20 20.0001 20.0001 20.0001 20.0002 20.0002 20.0003 20.0004 20.0006 20.0007 20.0009 20.0012 20.0014 20.0017 20.0021 20.0024 20.0028 20.0031 20.0034 20.0037 20.0039 20.0041 20.0042 20.0043 20.0042 20.0041 20.0039 20.0037 20.0034 20.0031 20.0028 20.0024 20.0021 20.0017 20.0014 20.0012 20.0009 20.0007 20.0006 20.0004 20.0003 20.0002 20.0002 20.0001 20.0001 20.0001 20 20 20 20 20 20 20 20 20 20 20 20 20 20 20 20 20 20 20 20 20 20 20 20 20 20 19.9999 
20 20 20 20 20 20 20 20 20 20 20 20 20 20 20 20 20 20 20 20 20 20 20 20 20 20 20 20 20 20.0001 20.0001 20.0001 20.0002 20.0002 20.0003 20.0004 20.0005 20.0007 20.0009 20.0011 20.0013 20.0015 20.0018 20.002 20.0023 20.0025 20.0027 20.0029 20.003 20.0031 20.0031 20.0031 20.003 20.0029 20.0027 20.0025 20.0023 20.002 20.0018 20.0015 20.0013 20.0011 20.0009 20.0007 20.0005 20.0004 20.0003 20.0002 20.0002 20.0001 20.0001 20.0001 20 20 20 20 20 20 20 20 20 20 20 20 20 20 20 20 20 20 20 20 20 19.9999 19.9999 19.9999 19.9999 19.9999 19.9999 19.9999 
20 20 20 20 20 20 20 20 20 20 20 20 20 20 20 20 20 20 20 20 20 20 20 20 20 20 20 20 20 20 20.0001 20.0001 20.0001 20.0002 20.0002 20.0003 20.0004 20.0005 20.0006 20.0008 20.0009 20.0011 20.0013 20.0014 20.0016 20.0018 20.0019 20.0021 20.0022 20.0022 20.0022 20.0022 20.0022 20.0021 20.0019 20.0018 20.0016 20.0014 20.0013 20.0011 20.0009 20.0008 20.0006 20.0005 20.0004 20.0003 20.0002 20.0002 20.0001 20.0001 20.0001 20 20 20 20 20 20 20 20 20 20 20 20 20 20 20 20 20 20 19.9999 19.9999 19.9999 19.9999 19.9999 19.9999 19.9999 19.9999 19.9999 19.9999 19.9999 
20 20 20 20 20 20 20 20 20 20 20 20 20 20 20 20 20 20 20 20 20 20 20 20 20 20 20 20 20 20 20 20.0001 20.0001 20.0001 20.0002 20.0002 20.0003 20.0003 20.0004 20.0005 20.0006 20.0008 20.0009 20.001 20.0011 20.0013 20.0014 20.0015 20.0015 20.0016 20.0016 20.0016 20.0015 20.0015 20.0014 20.0013 20.0011 20.001 20.0009 20.0008 20.0006 20.0005 20.0004 20.0003 20.0003 20.0002 20.0002 20.0001 20.0001 20.0001 20 20 20 20 20 20 20 20 20 20 20 20 20 20 20 20 20 19.9999 19.9999 19.9999 19.9999 19.9999 19.9999 19.9999 19.9998 19.9998 19.9998 19.9998 19.9998 19.9998 
20 20 20 20 20 20 20 20 20 20 20 20 20 20 20 20 20 20 20 20 20 20 20 20 20 20 20 20 20 20 20 20 20.0001 20.0001 20.0001 20.0001 20.0002 20.0002 20.0003 20.0004 20.0004 20.0005 20.0006 20.0007 20.0008 20.0009 20.001 20.001 20.0011 20.0011 20.0011 20.0011 20.0011 20.001 20.001 20.0009 20.0008 20.0007 20.0006 20.0005 20.0004 20.0004 20.0003 20.0002 20.0002 20.0001 20.0001 20.0001 20.0001 20 20 20 20 20 20 20 20 20 20 20 20 20 20 20 20 19.9999 19.9999 19.9999 19.9999 19.9999 19.9998 19.9998 19.9998 19.9998 19.9997 19.9997 19.9997 19.9997 19.9997 19.9996 
20 20 20 20 20 20 20 20 20 20 20 20 20 20 20 20 20 20 20 20 20 20 20 20 20 20 20 20 20 20 20 20 20 20.0001 20.0001 20.0001 20.0001 20.0002 20.0002 20.0003 20.0003 20.0004 20.0004 20.0005 20.0005 20.0006 20.0006 20.0007 20.0007 20.0007 20.0007 20.0007 20.0007 20.0007 20.0006 20.0006 20.0005 20.0005 20.0004 20.0004 20.0003 20.0003 20.0002 20.0002 20.0001 20.0001 20.0001 20.0001 20 20 20 20 20 20 20 20 20 20 20 20 20 20 20 19.9999 19.9999 19.9999 19.9999 19.9999 19.9998 19.9998 19.9998 19.9997 19.9997 19.9996 19.9996 19.9996 19.9995 19.9995 19.9995 19.9994 
20 20 20 20 20 20 20 20 20 20 20 20 20 20 20 20 20 20 20 20 20 20 20 20 20 20 20 20 20 20 20 20 20 20 20.0001 20.0001 20.0001 20.0001 20.0001 20.0002 20.0002 20.0002 20.0003 20.0003 20.0004 20.0004 20.0004 20.0005 20.0005 20.0005 20.0005 20.0005 20.0005 20.0005 20.0004 20.0004 20.0004 20.0003 20.0003 20.0002 20.0002 20.0002 20.0001 20.0001 20.0001 20.0001 20.0001 20 20 20 20 20 20 20 20 20 20 20 20 20 20 20 19.9999 19.9999 19.9999 19.9999 19.9998 19.9998 19.9997 19.9997 19.9996 19.9996 19.9995 19.9994 19.9994 19.9993 19.9993 19.9992 19.9992 19.9991 
20 20 20 20 20 20 20 20 20 20 20 20 20 20 20 20 20 20 20 20 20 20 20 20 20 20 20 20 20 20 20 20 20 20 20 20 20.0001 20.0001 20.0001 20.0001 20.0001 20.0002 20.0002 20.0002 20.0002 20.0003 20.0003 20.0003 20.0003 20.0003 20.0003 20.0003 20.0003 20.0003 20.0003 20.0003 20.0002 20.0002 20.0002 20.0002 20.0001 20.0001 20.0001 20.0001 20.0001 20 20 20 20 20 20 20 20 20 20 20 20 20 20 20 19.9999 19.9999 19.9999 19.9999 19.9998 19.9998 19.9997 19.9997 19.9996 19.9995 19.9994 19.9993 19.9992 19.9991 19.999 19.9989 19.9989 19.9988 19.9987 19.9987 
20 20 20 20 20 20 20 20 20 20 20 20 20 20 20 20 20 20 20 20 20 20 20 20 20 20 20 20 20 20 20 20 20 20 20 20 20 20 20.0001 20.0001 20.0001 20.0001 20.0001 20.0001 20.0002 20.0002 20.0002 20.0002 20.0002 20.0002 20.0002 20.0002 20.0002 20.0002 20.0002 20.0002 20.0002 20.0001 20.0001 20.0001 20.0001 20.0001 20.0001 20 20 20 20 20 20 20 20 20 20 20 20 20 20 20 20 19.9999 19.9999 19.9999 19.9998 19.9998 19.9997 19.9997 19.9996 19.9995 19.9994 19.9993 19.9991 19.999 19.9988 19.9987 19.9986 19.9984 19.9983 19.9982 19.9981 19.9981 
20 20 20 20 20 20 20 20 20 20 20 20 20 20 20 20 20 20 20 20 20 20 20 20 20 20 20 20 20 20 20 20 20 20 20 20 20 20 20 20 20.0001 20.0001 20.0001 20.0001 20.0001 20.0001 20.0001 20.0001 20.0001 20.0001 20.0001 20.0001 20.0001 20.0001 20.0001 20.0001 20.0001 20.0001 20.0001 20.0001 20.0001 20 20 20 20 20 20 20 20 20 20 20 20 20 20 20 20 20 19.9999 19.9999 19.9999 19.9998 19.9998 19.9997 19.9996 19.9995 19.9994 19.9992 19.9991 19.9989 19.9987 19.9985 19.9983 19.9981 19.9979 19.9977 19.9975 19.9974 19.9973 19.9972 
20 20 20 20 20 20 20 20 20 20 20 20 20 20 20 20 20 20 20 20 20 20 20 20 20 20 20 20 20 20 20 20 20 20 20 20 20 20 20 20 20 20 20 20.0001 20.0001 20.0001 20.0001 20.0001 20.0001 20.0001 20.0001 20.0001 20.0001 20.0001 20.0001 20.0001 20.0001 20.0001 20 20 20 20 20 20 20 20 20 20 20 20 20 20 20 20 20 20 20 19.9999 19.9999 19.9999 19.9998 19.9998 19.9997 19.9996 19.9994 19.9993 19.9991 19.9989 19.9987 19.9984 19.9981 19.9978 19.9975 19.9972 19.9969 19.9966 19.9964 19.9962 19.996 19.9959 
20 20 20 20 20 20 20 20 20 20 20 20 20 20 20 20 20 20 20 20 20 20 20 20 20 20 20 20 20 20 20 20 20 20 20 20 20 20 20 20 20 20 20 20 20 20 20 20 20 20.0001 20.0001 20.0001 20 20 20 20 20 20 20 20 20 20 20 20 20 20 20 20 20 20 20 20 20 20 20 20 19.9999 19.9999 19.9999 19.9998 19.9997 19.9997 19.9995 19.9994 19.9992 19.999 19.9987 19.9984 19.9981 19.9977 19.9973 19.9969 19.9964 19.996 19.9956 19.9952 19.9949 19.9946 19.9944 19.9942 
20 20 20 20 20 20 20 20 20 20 20 20 20 20 20 20 20 20 20 20 20 20 20 20 20 20 20 20 20 20 20 20 20 20 20 20 20 20 20 20 20 20 20 20 20 20 20 20 20 20 20 20 20 20 20 20 20 20 20 20 20 20 20 20 20 20 20 20 20 20 20 20 20 20 20 19.9999 19.9999 19.9999 19.9998 19.9997 19.9996 19.9995 19.9993 19.9991 19.9989 19.9986 19.9982 19.9978 19.9973 19.9968 19.9962 19.9956 19.995 19.9944 19.9938 19.9933 19.9928 19.9924 19.9922 19.992 
20 20 20 20 20 20 20 20 20 20 20 20 20 20 20 20 20 20 20 20 20 20 20 20 20 20 20 20 20 20 20 20 20 20 20 20 20 20 20 20 20 20 20 20 20 20 20 20 20 20 20 20 20 20 20 20 20 20 20 20 20 20 20 20 20 20 20 20 20 20 20 20 20 20 19.9999 19.9999 19.9999 19.9998 19.9997 19.9996 19.9995 19.9993 19.9991 19.9988 19.9984 19.998 19.9975 19.9969 19.9963 19.9955 19.9948 19.9939 19.9931 19.9923 19.9915 19.9908 19.9901 19.9896 19.9892 19.989 
20 20 20 20 20 20 20 20 20 20 20 20 20 20 20 20 20 20 20 20 20 20 20 20 20 20 20 20 20 20 20 20 20 20 20 20 20 20 20 20 20 20 20 20 20 20 20 20 20 20 20 20 20 20 20 20 20 20 20 20 20 20 20 20 20 20 20 20 20 20 20 20 20 20 19.9999 19.9999 19.9998 19.9998 19.9997 19.9995 19.9993 19.9991 19.9988 19.9984 19.9979 19.9973 19.9966 19.9958 19.9949 19.9939 19.9929 19.9918 19.9906 19.9895 19.9885 19.9875 19.9866 19.9859 19.9855 19.9852 
20 20 20 20 20 20 20 20 20 20 20 20 20 20 20 20 20 20 20 20 20 20 20 20 20 20 20 20 20 20 20 20 20 20 20 20 20 20 20 20 20 20 20 20 20 20 20 20 20 20 20 20 20 20 20 20 20 20 20 20 20 20 20 20 20 20 20 20 20 20 20 20 20 19.9999 19.9999 19.9998 19.9998 19.9997 19.9995 19.9993 19.9991 19.9988 19.9983 19.9978 19.9972 19.9964 19.9955 19.9944 19.9932 19.9919 19.9905 19.989 19.9875 19.986 19.9846 19.9833 19.9822 19.9813 19.9807 19.9803 
20 20 20 20 20 20 20 20 20 20 20 20 20 20 20 20 20 20 20 20 20 20 20 20 20 20 20 20 20 20 20 20 20 20 20 20 20 20 20 20 20 20 20 20 20 20 20 20 20 20 20 20 20 20 20 20 20 20 20 20 20 20 20 20 20 20 20 20 20 20 20 20 19.9999 19.9999 19.9999 19.9998 19.9997 19.9996 19.9994 19.9991 19.9988 19.9984 19.9978 19.9971 19.9963 19.9952 19.994 19.9926 19.9911 19.9893 19.9875 19.9856 19.9836 19.9817 19.9798 19.9781 19.9767 19.9755 19.9747 19.9743 
20 20 20 20 20 20 20 20 20 20 20 20 20 20 20 20 20 20 20 20 20 20 20 20 20 20 20 20 20 20 20 20 20 20 20 20 20 20 20 20 20 20 20 20 20 20 20 20 20 20 20 20 20 20 20 20 20 20 20 20 20 20 20 20 20 20 20 20 20 20 20 20 19.9999 19.9999 19.9998 19.9997 19.9996 19.9994 19.9992 19.9989 19.9984 19.9979 19.9972 19.9963 19.9952 19.9938 19.9923 19.9905 19.9885 19.9862 19.9838 19.9813 19.9788 19.9763 19.974 19.9718 19.97 19.9685 19.9675 19.967 
20 20 20 20 20 20 20 20 20 20 20 20 20 20 20 20 20 20 20 20 20 20 20 20 20 20 20 20 20 20 20 20 20 20 20 20 20 20 20 20 20 20 20 20 20 20 20 20 20 20 20 20 20 20 20 20 20 20 20 20 20 20 20 20 20 20 20 20 20 20 20 19.9999 19.9999 19.9999 19.9998 19.9997 19.9995 19.9993 19.999 19.9986 19.998 19.9973 19.9964 19.9952 19.9938 19.9921 19.9902 19.9879 19.9853 19.9825 19.9795 19.9763 19.9731 19.9699 19.967 19.9643 19.962 19.9601 19.9589 19.9583 
20 20 20 20 20 20 20 20 20 20 20 20 20 20 20 20 20 20 20 20 20 20 20 20 20 20 20 20 20 20 20 20 20 20 20 20 20 20 20 20 20 20 20 20 20 20 20 20 20 20 20 20 20 20 20 20 20 20 20 20 20 20 20 20 20 20 20 20 20 20 20 19.9999 19.9999 19.9998 19.9997 19.9996 19.9994 19.9991 19.9987 19.9982 19.9975 19.9966 19.9955 19.994 19.9923 19.9902 19.9877 19.9848 19.9816 19.9781 19.9743 19.9704 19.9664 19.9625 19.9588 19.9554 19.9526 19.9504 19.9488 19.9481 
20 20 20 20 20 20 20 20 20 20 20 20 20 20 20 20 20 20 20 20 20 20 20 20 20 20 20 20 20 20 20 20 20 20 20 20 20 20 20 20 20 20 20 20 20 20 20 20 20 20 20 20 20 20 20 20 20 20 20 20 20 20 20 20 20 20 20 20 20 20 19.9999 19.9999 19.9999 19.9998 19.9997 19.9995 19.9992 19.9989 19.9984 19.9978 19.9969 19.9958 19.9944 19.9926 19.9905 19.9879 19.9848 19.9813 19.9774 19.973 19.9684 19.9636 19.9587 19.9539 19.9494 19.9453 19.9418 19.9392 19.9374 19.9365 
20 20 20 20 20 20 20 20 20 20 20 20 20 20 20 20 20 20 20 20 20 20 20 20 20 20 20 20 20 20 20 20 20 20 20 20 20 20 20 20 20 20 20 20 20 20 20 20 20 20 20 20 20 20 20 20 20 20 20 20 20 20 20 20 20 20 20 20 20 20 19.9999 19.9999 19.9998 19.9997 19.9996 19.9994 19.9991 19.9987 19.9981 19.9973 19.9963 19.9949 19.9932 19.9911 19.9885 19.9853 19.9816 19.9774 19.9726 19.9674 19.9618 19.956 19.9501 19.9443 19.9389 19.934 19.9298 19.9266 19.9245 19.9236 
20 20 20 20 20 20 20 20 20 20 20 20 20 20 20 20 20 20 20 20 20 20 20 20 20 20 20 20 20 20 20 20 20 20 20 20 20 20 20 20 20 20 20 20 20 20 20 20 20 20 20 20 20 20 20 20 20 20 20 20 20 20 20 20 20 20 20 20 20 19.9999 19.9999 19.9999 19.9998 19.9997 19.9995 19.9993 19.9989 19.9984 19.9977 19.9968 19.9955 19.9939 19.9919 19.9893 19.9862 19.9825 19.9781 19.973 19.9674 19.9612 19.9545 19.9476 19.9406 19.9338 19.9274 19.9216 19.9167 19.913 19.9105 19.9095 
20 20 20 20 20 20 20 20 20 20 20 20 20 20 20 20 20 20 20 20 20 20 20 20 20 20 20 20 20 20 20 20 20 20 20 20 20 20 20 20 20 20 20 20 20 20 20 20 20 20 20 20 20 20 20 20 20 20 20 20 20 20 20 20 20 20 20 20 20 19.9999 19.9999 19.9998 19.9998 19.9996 19.9994 19.9991 19.9987 19.9981 19.9973 19.9962 19.9948 19.9929 19.9905 19.9875 19.9838 19.9795 19.9743 19.9684 19.9618 19.9545 19.9468 19.9387 19.9305 19.9226 19.9151 19.9084 19.9028 19.8984 19.8956 19.8945 
20 20 20 20 20 20 20 20 20 20 20 20 20 20 20 20 20 20 20 20 20 20 20 20 20 20 20 20 20 20 20 20 20 20 20 20 20 20 20 20 20 20 20 20 20 20 20 20 20 20 20 20 20 20 20 20 20 20 20 20 20 20 20 20 20 20 20 20 20 19.9999 19.9999 19.9998 19.9997 19.9996 19.9993 19.999 19.9985 19.9978 19.9969 19.9956 19.9939 19.9918 19.989 19.9856 19.9813 19.9763 19.9704 19.9636 19.956 19.9476 19.9387 19.9294 19.9201 19.9109 19.9024 19.8947 19.8883 19.8834 19.8802 19.8789 
20 20 20 20 20 20 20 20 20 20 20 20 20 20 20 20 20 20 20 20 20 20 20 20 20 20 20 20 20 20 20 20 20 20 20 20 20 20 20 20 20 20 20 20 20 20 20 20 20 20 20 20 20 20 20 20 20 20 20 20 20 20 20 20 20 20 20 20 20 19.9999 19.9999 19.9998 19.9997 19.9995 19.9992 19.9988 19.9983 19.9975 19.9964 19.995 19.9931 19.9906 19.9875 19.9836 19.9788 19.9731 19.9664 19.9587 19.9501 19.9406 19.9305 19.9201 19.9095 19.8992 19.8896 19.8809 19.8737 19.8682 19.8647 19.8634 
20 20 20 20 20 20 20 20 20 20 20 20 20 20 20 20 20 20 20 20 20 20 20 20 20 20 20 20 20 20 20 20 20 20 20 20 20 20 20 20 20 20 20 20 20 20 20 20 20 20 20 20 20 20 20 20 20 20 20 20 20 20 20 20 20 20 20 20 19.9999 19.9999 19.9999 19.9998 19.9996 19.9994 19.9991 19.9987 19.9981 19.9972 19.996 19.9944 19.9923 19.9895 19.986 19.9817 19.9763 19.9699 19.9625 19.9539 19.9443 19.9338 19.9226 19.9109 19.8992 19.8878 19.8771 19.8675 19.8596 19.8535 19.8497 19.8482 
20 20 20 20 20 20 20 20 20 20 20 20 20 20 20 20 20 20 20 20 20 20 20 20 20 20 20 20 20 20 20 20 20 20 20 20 20 20 20 20 20 20 20 20 20 20 20 20 20 20 20 20 20 20 20 20 20 20 20 20 20 20 20 20 20 20 20 20 19.9999 19.9999 19.9998 19.9997 19.9996 19.9994 19.999 19.9986 19.9979 19.9969 19.9956 19.9938 19.9915 19.9885 19.9846 19.9798 19.974 19.967 19.9588 19.9494 19.9389 19.9274 19.9151 19.9024 19.8896 19.8771 19.8654 19.855 19.8463 19.8398 19.8356 19.8341 
20 20 20 20 20 20 20 20 20 20 20 20 20 20 20 20 20 20 20 20 20 20 20 20 20 20 20 20 20 20 20 20 20 20 20 20 20 20 20 20 20 20 20 20 20 20 20 20 20 20 20 20 20 20 20 20 20 20 20 20 20 20 20 20 20 20 20 20 19.9999 19.9999 19.9998 19.9997 19.9996 19.9993 19.9989 19.9984 19.9977 19.9966 19.9952 19.9933 19.9908 19.9875 19.9833 19.9781 19.9718 19.9643 19.9554 19.9453 19.934 19.9216 19.9084 19.8947 19.8809 19.8675 19.855 19.8439 19.8346 19.8276 19.8232 19.8216 
20 20 20 20 20 20 20 20 20 20 20 20 20 20 20 20 20 20 20 20 20 20 20 20 20 20 20 20 20 20 20 20 20 20 20 20 20 20 20 20 20 20 20 20 20 20 20 20 20 20 20 20 20 20 20 20 20 20 20 20 20 20 20 20 20 20 20 20 19.9999 19.9999 19.9998 19.9997 19.9995 19.9993 19.9989 19.9983 19.9975 19.9964 19.9949 19.9928 19.9901 19.9866 19.9822 19.9767 19.97 19.962 19.9526 19.9418 19.9298 19.9167 19.9028 19.8883 19.8737 19.8596 19.8463 19.8346 19.8248 19.8174 19.8128 19.8112 
20 20 20 20 20 20 20 20 20 20 20 20 20 20 20 20 20 20 20 20 20 20 20 20 20 20 20 20 20 20 20 20 20 20 20 20 20 20 20 20 20 20 20 20 20 20 20 20 20 20 20 20 20 20 20 20 20 20 20 20 20 20 20 20 20 20 20 20 19.9999 19.9999 19.9998 19.9997 19.9995 19.9992 19.9988 19.9982 19.9974 19.9962 19.9946 19.9924 19.9896 19.9859 19.9813 19.9755 19.9685 19.9601 19.9504 19.9392 19.9266 19.913 19.8984 19.8834 19.8682 19.8535 19.8398 19.8276 19.8174 19.8098 19.805 19.8034 
20 20 20 20 20 20 20 20 20 20 20 20 20 20 20 20 20 20 20 20 20 20 20 20 20 20 20 20 20 20 20 20 20 20 20 20 20 20 20 20 20 20 20 20 20 20 20 20 20 20 20 20 20 20 20 20 20 20 20 20 20 20 20 20 20 20 20 20 19.9999 19.9999 19.9998 19.9997 19.9995 19.9992 19.9987 19.9981 19.9973 19.996 19.9944 19.9922 19.9892 19.9855 19.9807 19.9747 19.9675 19.9589 19.9488 19.9374 19.9245 19.9105 19.8956 19.8802 19.8647 19.8497 19.8356 19.8232 19.8128 19.805 19.8002 19.7986 
20 20 20 20 20 20 20 20 20 20 20 20 20 20 20 20 20 20 20 20 20 20 20 20 20 20 20 20 20 20 20 20 20 20 20 20 20 20 20 20 20 20 20 20 20 20 20 20 20 20 20 20 20 20 20 20 20 20 20 20 20 20 20 20 20 20 20 19.9999 19.9999 19.9999 19.9998 19.9996 19.9994 19.9991 19.9987 19.9981 19.9972 19.9959 19.9942 19.992 19.989 19.9852 19.9803 19.9743 19.967 19.9583 19.9481 19.9365 19.9236 19.9095 19.8945 19.8789 19.8634 19.8482 19.8341 19.8216 19.8112 19.8034 19.7986 19.7969 
The maximum delta across the cells is: 0.000995679
The average temperature across the cells is: 19
CPU time used: 69060 ms
Estimate of number of FLOPS 14758.8
